29

H 0.681990862 3.270059586 0.902077973
H -2.046994925 -1.994678617 -0.724249542
H 0.605291426 2.712922096 -0.857143342
O -0.474248916 1.276127338 1.613850594
C -0.169354156 -0.953865528 -0.159991771
H 0.996007502 -2.641381264 -0.803089499
C 0.961856663 2.524362803 0.168696016
O -0.979007483 0.238639325 1.530105114
H -0.430373251 -3.108948469 -1.726638556
H 2.103161335 2.426271915 0.088782415
O 0.745621443 0.067873985 -0.157238424
C 0.292571932 1.195181370 0.629538119
N -1.118468165 -0.994769096 0.826496303
C -0.020620756 -2.381330490 -0.948787510
C -1.147433639 -1.636464715 -0.382408231
H 0.000000000 0.000000000 0.000000000
H 0.000000000 0.000000000 0.000000000
H 0.000000000 0.000000000 0.000000000
H 0.000000000 0.000000000 0.000000000
H 0.000000000 0.000000000 0.000000000
H 0.000000000 0.000000000 0.000000000
H 0.000000000 0.000000000 0.000000000
H 0.000000000 0.000000000 0.000000000
H 0.000000000 0.000000000 0.000000000
H 0.000000000 0.000000000 0.000000000
H 0.000000000 0.000000000 0.000000000
H 0.000000000 0.000000000 0.000000000
H 0.000000000 0.000000000 0.000000000
H 0.000000000 0.000000000 0.000000000
