29

O -2.640932322 -0.696033239 0.047676884
O 3.085199356 -0.086703025 -0.205196843
C 1.657045364 0.205243915 -0.333634496
H -2.452792406 0.125083953 0.301755428
O 2.669235945 0.286312997 -1.053688645
C -0.741682529 0.582170963 -1.193507314
C -0.382292122 -0.366701484 1.345769405
H 1.753732324 -0.582393587 1.705004215
H 0.550048590 1.579567909 -2.039083242
H -0.875398517 -1.394410253 -0.389775038
H -1.582898140 0.840798676 -1.844277143
C -1.275715351 -0.430077493 0.034531564
H -0.635438085 -1.192017555 2.021722555
C 1.073123693 -0.303311527 0.951990306
C 0.433716267 0.892383039 -1.243900418
H -0.634952664 0.540086389 1.894613504
H 0.000000000 0.000000000 0.000000000
H 0.000000000 0.000000000 0.000000000
H 0.000000000 0.000000000 0.000000000
H 0.000000000 0.000000000 0.000000000
H 0.000000000 0.000000000 0.000000000
H 0.000000000 0.000000000 0.000000000
H 0.000000000 0.000000000 0.000000000
H 0.000000000 0.000000000 0.000000000
H 0.000000000 0.000000000 0.000000000
H 0.000000000 0.000000000 0.000000000
H 0.000000000 0.000000000 0.000000000
H 0.000000000 0.000000000 0.000000000
H 0.000000000 0.000000000 0.000000000
