29

H 2.808957577 -1.502799153 -0.522418797
C -0.651654720 0.350851566 -0.619235873
H 0.689406216 -0.634290218 1.877429247
H -2.347135782 -0.250445366 0.697495162
H 2.611567497 -0.198297143 0.171899989
O 1.224524975 -2.317411661 0.282349885
C 0.236273766 -0.218926504 -1.379733443
H 2.553396702 -1.631985903 1.607232809
H -1.386360526 2.242785692 -2.216674805
H -0.875088751 -0.810200572 -1.409746766
C 1.325441241 -1.422708154 1.194947839
H 0.552939475 0.923784256 -1.046438575
N -1.594539285 1.352134466 -0.472835362
H 0.211892247 -1.553466558 1.603616595
H -2.266735077 3.378228426 -0.776778936
C -1.495181322 0.520452797 0.512026131
H 0.937563360 -0.650188267 -2.011963367
H -1.345069528 1.162404418 1.613138080
C 2.268218756 -1.269044280 0.380974621
H -1.617505789 0.125889942 1.707924485
C -1.840910792 2.403232098 -1.193208933
H 0.000000000 0.000000000 0.000000000
H 0.000000000 0.000000000 0.000000000
H 0.000000000 0.000000000 0.000000000
H 0.000000000 0.000000000 0.000000000
H 0.000000000 0.000000000 0.000000000
H 0.000000000 0.000000000 0.000000000
H 0.000000000 0.000000000 0.000000000
H 0.000000000 0.000000000 0.000000000
