29

O 1.739792705 -2.266603947 -0.648133874
C 0.309295833 0.922347903 0.389969498
C 0.502193689 -1.794575691 -1.215879560
H 1.503756642 1.157030582 0.591208577
H -1.782746434 -1.324479818 -1.055547953
H -1.030632496 -1.676282883 0.506360352
O -1.875964046 1.394288778 1.132763386
H -0.099275306 1.092672110 -0.778319478
C -0.667435765 1.961843491 1.248996019
H -0.019583145 2.405198812 2.022372484
H 2.420006514 -2.105594397 -1.335391760
C -0.008783786 -0.088935927 -0.601376355
O 1.110098720 0.323641181 1.126703501
C -0.829301119 -1.280916452 -0.485511452
H -0.755249083 2.908026218 0.683153987
O 0.905920148 -0.509780526 -1.649515152
H 0.156844839 -2.547402143 -1.913729787
H -1.578937888 1.429522276 1.981877446
H 0.000000000 0.000000000 0.000000000
H 0.000000000 0.000000000 0.000000000
H 0.000000000 0.000000000 0.000000000
H 0.000000000 0.000000000 0.000000000
H 0.000000000 0.000000000 0.000000000
H 0.000000000 0.000000000 0.000000000
H 0.000000000 0.000000000 0.000000000
H 0.000000000 0.000000000 0.000000000
H 0.000000000 0.000000000 0.000000000
H 0.000000000 0.000000000 0.000000000
H 0.000000000 0.000000000 0.000000000
