29

H -0.986902833 -1.525915742 2.060077190
C -1.519756079 2.596964359 -0.530123055
H -2.012506485 3.138146877 0.257806718
H 1.379811406 -1.943750978 -1.623954892
H -0.186985493 0.240406662 -1.503914237
C 2.059441090 -1.249698877 -1.124287367
C -0.389957994 1.023680568 0.913650870
O -0.552181482 -2.311842918 2.104077101
H 2.812294245 -1.813473463 -0.572958767
C 1.325706124 -0.297859967 -0.152267754
O -0.199502677 2.773308992 -0.672513425
N 0.177148357 -1.131268620 0.052034661
F -0.509208500 1.703514218 -0.197111472
C 0.016370483 0.341373205 -0.381773353
H 2.493726015 -0.598682225 -1.886216164
H -2.183646679 2.297700405 -1.343034387
O -0.239297926 -2.547673464 -0.081920229
C -0.782152295 -1.720146537 0.784541786
H -1.809698105 -1.514253259 0.357219219
H -1.204680443 0.709342062 1.511512876
H 0.287464172 1.488292456 1.623049617
H 2.024514675 0.341836721 0.406105250
H 0.000000000 0.000000000 0.000000000
H 0.000000000 0.000000000 0.000000000
H 0.000000000 0.000000000 0.000000000
H 0.000000000 0.000000000 0.000000000
H 0.000000000 0.000000000 0.000000000
H 0.000000000 0.000000000 0.000000000
H 0.000000000 0.000000000 0.000000000
