19

C -0.152861536 -0.736793518 0.767443895
C -0.047503196 -0.204490393 0.200971618
C -0.743897855 -0.345516115 0.370949984
C -0.214410335 -0.485636294 -0.214207724
H -0.437286347 0.198442966 0.617038548
C 0.379439980 0.181075722 -1.180226684
H -0.414750904 -0.439245760 0.151996329
H -0.392532766 -1.123449326 0.372298896
C 0.712676942 1.922756314 -0.120308504
H 0.423632413 0.555841088 0.191393510
C -1.483320475 -0.516235471 0.767350793
C -0.362130851 -0.220334679 -0.218504295
C 1.392189622 -0.281455457 -0.371538043
H -0.100704663 -0.068876058 0.129541650
H 0.081700511 0.029935777 -0.104367986
C 1.662475228 0.767477989 -0.674947143
H 0.038660742 -0.137345105 -0.191406503
C -0.186526686 0.317891747 0.731945992
C -0.154849961 0.585956693 -1.225424290
