19

C 2.356545448 -4.360540867 -3.636828899
C 5.119400024 -3.251636982 -2.185177803
C 9.021418571 -12.384323120 -3.737603188
H 10.814121246 -11.515960693 0.743357539
H 4.680337906 -8.554002762 0.738327861
C 4.029287338 -8.409807205 4.553706169
C 9.156817436 -3.768276691 -1.105005383
C 5.548096657 -14.851222992 -0.106665969
C -16.522565842 117.238296509 -46.856647491
C 2.646903992 -13.450992584 -3.186920166
C 7.404181480 -10.356155396 -7.183903694
H 7.147884369 -7.034117222 -0.141674638
C 3.157700539 -6.683800220 -5.597539425
H 8.194631577 -10.622678757 1.540440440
H 9.949287415 -9.826570511 -2.856734276
C 1.695119858 -11.514142990 2.929139137
H 2.942125320 -5.656780720 0.455638051
C -81.372344971 33.822814941 63.910602570
C 4.031055450 -8.820116043 1.723492503
