19

C -79.893356323 96.550987244 26.232606888
H 3.957576275 -6.070985794 -1.430887222
H 4.947168827 -5.373995781 -1.731452346
H 4.351850510 -4.921071053 -1.869565010
H 4.214529514 -4.473995209 -1.824810028
C 3.576892376 -4.525445938 -0.991664171
C 4.479731083 -5.472171783 -1.407067537
C 4.463528633 -5.142709732 -1.243026257
C 4.307614803 -5.856305122 -1.316267490
C 4.434477329 -5.580397606 -1.697553754
C 4.760094166 -5.922519684 -1.182248831
H 4.676176548 -6.131163597 -1.746026635
C 4.484014988 -5.753481865 -1.214285135
C 4.762828350 -5.803806305 -1.169920206
C 4.247960567 -5.430603981 -1.377763987
H 4.573673725 -5.366776466 -1.362878323
H 3.564286232 -4.617465019 -1.086767197
H 4.510820866 -5.138671875 -1.897771358
C 5.580128193 -4.969414711 -1.682650328
