19

H 0.588694870 1.331462145 -0.524773955
C 1.707678318 -0.728607774 0.180407062
C 0.744844735 0.465352982 -0.359463334
O 0.816480815 1.047007322 -0.063989699
H 0.970012486 -0.749581933 -1.071424246
C -0.772053778 -0.535838068 0.328874558
N 1.371775508 1.712444544 -0.007976204
H 0.838024735 1.823400497 -0.805615544
H -1.800086617 -1.914938569 0.927567005
H -1.006420016 -1.033807874 -0.209944487
H 1.547807813 0.845820427 -0.895308018
C -0.517871320 -0.133836523 -2.174107552
H -2.108093500 -0.117786631 0.665713191
C 0.905479550 0.073112026 1.332046032
C -0.821609080 -0.604943812 0.290834874
H -1.955926180 -0.615604281 0.838775992
C -0.274347752 -0.105477110 -0.002092093
C 0.146139741 0.348436683 0.393145323
H -0.380530417 -1.106613755 1.157330990
