19

H 84.396263123 -50.158027649 14.929542542
H 71.434867859 43.277183533 -62.619792938
C -18.562429428 -0.081427574 -79.918708801
C -21.079462051 56.060508728 -51.064929962
H 22.790956497 51.495094299 -19.348867416
O -30.105195999 57.766136169 62.262981415
C 67.932037354 18.248540878 38.243251801
H -64.277000427 -2.803405762 78.242797852
F -37.197349548 -81.976181030 37.964420319
C 58.786346436 -2.094979286 -62.805667877
H -72.481994629 -35.171302795 -1.553254366
C -84.351356506 12.045009613 -25.353857040
H 25.637403488 -93.512893677 30.378959656
C 69.017417908 8.914447784 74.355667114
O -33.836776733 -57.447517395 -79.623695374
C -3.057246447 84.529006958 -15.819005013
C -6.117300987 33.169143677 72.578208923
H 39.705364227 -82.693679810 -40.817836761
C -68.634529114 40.434364319 29.969785690
