19

C 1.863463640 -2.851724625 -5.183083534
C 1.750834107 -2.892940521 -4.966069221
C 2.052003384 -2.857603073 -5.222747803
H 1.668393731 -3.253949165 -5.572146416
H -31.358335495 51.198722839 94.339340210
C 1.962810516 -2.639297009 -5.597384453
C 0.844126821 -3.260789871 -5.441004753
C 1.469678998 -3.203356266 -4.774031639
C 2.236865997 -2.527619839 -5.015364647
H 1.903336406 -2.910190582 -5.374348640
C 1.653264880 -2.578627110 -4.737301826
C 1.560168862 -2.688941479 -5.044458389
H 2.352300406 -2.563541889 -4.898007393
H 1.627935886 -3.004885197 -5.828080177
H 0.087916493 -3.454143047 -6.180974007
C 2.659316778 -2.402871132 -5.327448845
C 2.043167830 -2.646810532 -5.080642700
C 1.627836704 -2.698591232 -4.999232292
C 1.994915128 -2.762839794 -5.097011566
