19

C 2.951151371 -3.826099157 0.767550528
H 2.182814598 -3.552091360 0.669327855
H 2.088722229 -3.840168715 0.790781438
C 2.486965179 -3.991391897 0.734170198
H 1.478221655 -4.814568520 -4.006152630
C 2.346348286 -4.472442627 1.446512461
C 2.657003164 -3.999677420 0.603172660
C 2.101077080 -22.391866684 4.057709694
C 1.225442410 62.642051697 -22.867982864
C 2.093683481 -4.467429161 -0.196569383
C 2.804084301 -4.263591766 0.476658762
H 1.792873859 -3.701431036 0.283147752
C 2.293500662 -4.479076862 1.027704120
H 1.126645565 -4.238512993 -2.008828878
H 4.624160767 -3.048033953 -1.986843348
C 2.488636732 -4.019213676 1.114527225
H 2.348909616 -3.808083057 0.757697344
C -41.898094177 24.895168304 17.382307053
C 2.807854414 -4.623536110 0.955107510
