19

C 0.350479245 -0.717649817 -0.458958864
C 0.356823325 -0.833019376 -0.780811787
C -0.564089417 -0.077050656 -0.239788771
H 0.004080176 -0.551356554 -0.758288026
H -1.796208024 8.578287125 13.971830368
C 0.498521924 -0.678635359 -1.832179427
C -1.612064719 -1.551459670 -1.370347381
C -0.368959069 -1.787058473 -0.501627684
C 1.435436726 0.854264021 0.137325764
H 0.256264567 -0.236557573 -0.582702041
C -0.454177260 0.099848300 0.360656977
C -0.546836972 -0.469951898 -0.719559908
H 1.842133284 0.417096943 -0.703392863
H 0.285230041 -0.571436167 -0.788085103
H -2.686025620 -1.147089839 -1.037154317
C 1.952152729 -0.050790042 -1.435699821
C 0.848572791 -0.454720825 -0.833351135
C 0.255993485 -0.655335784 -0.938885093
C -0.057324529 -0.167384952 -1.488981843
