19

C -41.816593170 99.381126404 9.777282715
C 12.499646187 2.281626940 3.165427685
H 13.481945038 3.262757301 4.081796169
C 13.342292786 2.972620726 3.975997448
H 13.411911011 3.155822992 3.929531574
C 12.523584366 2.410766840 3.679154873
C -97.503570557 -78.469841003 -21.284097672
C 12.585002899 0.772653103 1.625619531
C -69.985733032 -60.400756836 -48.546230316
C 12.832395554 2.664842844 4.066047668
C 11.452384949 0.513852239 5.657511234
C 12.466001511 2.054052591 3.583247662
C 15.046289444 2.864749193 3.023851871
C 13.343807220 2.703671217 3.738489151
C 12.530712128 2.477805138 3.677525997
H 13.529815674 2.302805662 4.247437000
H 12.779977798 2.535557508 3.681383133
H 13.585149765 3.056958914 3.727598667
C 13.894968987 3.458926916 4.192427635
