19

O 0.551471770 1.550767899 -0.665311933
H -0.087139636 1.595935106 -0.660076916
C 1.121939898 0.256838799 -0.297548324
C 0.448454082 0.014199212 -0.381318390
H 0.939301670 -1.114028454 -1.521204829
C -0.418069780 -0.133578703 -0.015529811
C 1.117697954 1.294666767 0.041004807
C 0.079617262 -1.488193512 1.417584181
H -1.409049511 -1.848623753 0.213625759
H -0.439620674 -0.854706109 -0.549863458
H 1.866449833 0.478836596 -0.997803926
H 0.874758065 1.073151350 0.969616532
N -2.144559145 0.144664824 0.494885802
C 0.426328301 -0.259610116 -0.887962699
C -0.353458583 -0.224600717 0.053994477
H -2.287744522 -0.367404640 0.786973000
C -0.378220618 0.258264184 0.958677292
C 0.250663519 0.056874350 0.060672551
H -0.158820167 -0.433452666 0.979585409
