19

C 0.041629270 -0.559560955 0.370945334
C -0.274006844 0.090362132 -0.078945786
H -0.092879251 -0.311907887 0.272066951
C -0.018101212 -0.270072639 -0.006445646
H -0.048276786 0.002352118 0.183135062
C 0.302741528 -0.038001716 -0.341981441
H -0.072564751 -0.061176002 0.203449875
H -0.012280587 -0.161040127 0.205640703
C 0.777391076 1.414875507 -0.190433741
H 0.067699865 0.133691013 -0.014794499
C -0.874248266 -0.382055938 0.704690814
C -0.212116957 -0.185706556 -0.063446194
H -0.046281848 -0.272411406 0.060989588
H -0.008007903 -0.061249793 0.177710623
C 0.241550550 -0.046506822 -0.026754975
C 0.462780178 -0.094579399 -0.182846218
H -0.050952885 0.185518205 -0.132051021
C -0.071000129 -0.009774566 0.436454773
C -0.113074869 0.627243936 -1.577383995
