19

C -1.435755491 -7.445438862 2.030421495
H -1.051240444 -13.598953247 1.332602501
C 0.420385361 -11.880655289 0.432942092
C -0.514386177 -7.580005169 0.560289145
H 0.249884844 -5.379489422 0.691465318
C 0.739220858 -10.170875549 1.671550035
C -0.214407682 -7.538085461 1.017345190
H 3.752676010 -7.822082043 -1.793103933
C 0.122562170 152.666305542 -22.288963318
C -1.010833502 -6.232930660 0.748073041
H 0.207228184 -5.620259762 1.827264547
C -0.947678804 -10.775573730 6.209094524
H -2.989926577 -7.603942394 0.004704893
C -2.057794333 -9.390871048 -2.678475618
H -1.111620426 -5.785787106 1.295457125
C 2.124869347 -12.495761871 6.171395779
H 1.675817013 -8.041271210 0.304160297
H 0.005598545 -8.252887726 1.176448107
C 2.035403490 -7.051442623 1.287330627
