19

C 30.255634308 -113.277854919 -26.393701553
C -1.412567139 8.235286713 2.276827335
H -1.787269354 6.837653160 -1.720144749
C -3.580186129 9.323488235 2.406411648
H -5.030611038 11.660665512 10.182575226
H -1.365961075 6.931447029 3.034338951
C -2.307595491 9.362819672 2.096411467
C 7.545335770 -38.829483032 -17.340183258
C -2.161375284 9.268457413 1.984262943
H -2.116560221 9.206815720 2.607206821
C -2.779567003 8.189933777 2.547805786
C -2.077426195 9.495172501 2.035996914
C -1.054655313 9.190942764 2.078796864
H -1.513637304 8.373167038 3.200165272
H -2.049831152 8.992109299 2.455257893
C -1.601222277 9.805967331 1.901639938
C -1.956485987 8.923973083 2.375345230
C -2.657500505 9.039924622 2.354321480
C -2.348520041 9.269517899 1.916663885
