19

C 6.498655319 11.530042648 7.727229118
H 7.068154335 11.511287689 6.952251911
H 7.259955883 10.566570282 7.374243259
H 6.917800903 10.895218849 6.970649242
H 6.599789619 13.485229492 8.020981789
C 7.056987762 11.248054504 7.692380428
C 6.356307983 7.825529575 4.187246323
C -9.100545883 -70.194366455 -88.777343750
C -107.709526062 -113.977729797 -24.679319382
C 7.439245701 11.217088699 6.559055328
H 6.670383453 11.094718933 6.973543167
C 6.354525566 11.270381927 6.587877750
C 8.246494293 8.991067886 4.791091919
C 6.706165791 11.245164871 7.217236996
H 6.700602531 10.853771210 6.491936684
C 6.767294884 10.395320892 5.706577778
C 6.566813469 10.483739853 7.064075470
C 7.026814461 11.553232193 7.112163067
C 6.574079514 10.005691528 6.028123379
