19

C 0.164032340 -0.716782689 0.966315269
C 0.308407187 -0.736839771 0.190966964
H -0.986630797 0.070800781 0.514071047
C -0.624371767 -0.271863580 -0.412455618
H 0.276705503 -0.736662626 -0.380617559
H -0.226435363 0.528182030 -0.638779104
H -0.339074731 -0.383323073 -0.040477693
H -0.753532529 -1.271407604 0.903758407
C 0.761141419 2.098673820 -0.223599494
H 0.262479424 0.404592693 0.254606366
C -1.039656162 -0.168851495 0.645460486
C -0.426993132 -0.150831938 -0.044256866
C 1.515928626 -0.021990538 0.003462195
H -0.093161821 -0.008838892 0.255702734
H 0.235181928 0.157120109 0.018234491
H 0.729364514 0.762244761 -0.748036206
C 0.788221002 -0.754074812 -1.052143574
C -0.279531717 0.557228386 0.726484299
H -0.272073746 0.642626166 -0.938695610
