19

C 0.465001225 -0.119056970 0.198965728
C 0.145626366 0.063085929 0.178970635
H 0.308935672 0.167848736 0.014396578
C 0.261244357 -0.009103205 -0.209773362
H 0.105184980 -0.066998050 -0.014425367
C 0.100772686 0.067151763 -0.541685879
H 0.251235694 0.193479732 -0.101318002
H 0.372107565 0.307465822 0.001500130
H -0.423136115 -0.607057989 0.430815905
H -0.153032631 -0.175171748 0.042763025
C -0.694443762 -0.157342494 0.581008434
C 0.105509318 0.315086752 0.023801774
H -0.512064993 -0.192198560 0.333562225
H 0.260123789 -0.018431891 0.043334752
H -0.089485988 -0.144091025 0.207782209
C -0.045684837 -0.148608118 0.022723228
H -0.051104181 -0.099802271 -0.172784805
C 0.065001465 0.075761706 0.166151628
C -0.471790761 0.547981739 -1.205789089
