19

C 0.006711781 -0.765048325 0.662212789
C 0.034593105 -0.459427655 0.114175156
H -0.358700097 -0.245499671 0.173361942
C -0.173343956 -0.349823326 -0.096338317
H -0.186853766 0.000961721 0.317322463
C 0.140034080 0.189805031 -0.645326018
H -0.238770962 -0.377248824 0.020983536
H -0.372993559 -0.910495400 0.384993583
C 0.599886775 2.112840652 -0.313025087
H 0.246264696 0.244213521 0.058678944
C -1.415805101 -0.507100463 0.471167088
C -0.438208580 -0.215691149 -0.279565483
H 0.883178830 -0.194015563 -0.130392343
H -0.034511209 0.015230119 0.468882054
H 0.181108356 0.091718853 0.088572308
C 1.291544080 0.786081016 -0.831206977
H 0.201620340 -0.188823760 -0.132603973
C -0.218556404 0.406720936 0.817290604
C -0.147197843 0.365602076 -1.149182200
