19

C 1.153573036 -1.028169036 -3.438138008
C 0.521796942 -1.035923839 -3.177636623
C 1.126914382 -0.824604392 -3.036042690
H 2.161003828 -1.281020761 -3.434085369
H -14.099619865 28.265739441 57.755470276
C 1.037766695 -1.121472359 -3.094433308
C 0.998223066 -1.016775727 -3.685873508
C 1.109329462 -1.020019531 -2.988766193
C -2.197683573 -10.128666878 -0.773694515
H 1.084119797 -1.073447704 -3.169289112
C 1.395006299 -0.720944405 -2.847702026
C 0.941683173 -0.974542022 -3.112606525
C 0.993903637 -1.230368137 -2.915736198
H 0.371122479 -1.811606050 -5.406863213
H -0.901329517 -1.443843007 -4.567007065
C 1.404877543 -1.270468593 -3.155620098
C 0.633810282 -0.957851529 -2.997548103
C 1.197012901 -0.452954441 -2.752257824
C 1.068490028 -0.873062372 -3.202173710
