19

H 0.575229764 1.370231628 -0.824385166
O -0.039691046 1.210706353 -0.731929123
C 0.544269383 0.391021609 -0.407667458
O 1.044186831 0.880615592 -0.101646543
H 0.953454435 -0.738463283 -1.036981463
C -0.547968209 -0.677133620 0.726724505
H 1.816007376 1.846517682 0.221612319
H 0.700133801 0.854493558 -0.480919361
H -1.578951120 -2.282229900 0.489794314
C -0.890831113 -1.365967274 -0.803107262
H 1.540901423 0.465244412 -1.054388046
C 1.023245573 0.815520167 -0.035076439
H -2.255715609 -0.227545440 0.272524238
C 0.266466558 0.113292456 0.849272490
C -0.768275082 -1.037520289 0.233024687
H -2.007286787 -0.585045934 0.683297276
C -0.330266565 0.463002384 0.562605619
C 0.010890245 0.101161838 0.130480051
H -0.055799335 -1.597901821 1.306765914
