19

C 0.761483312 1.814014435 -0.868285418
H -0.277667016 1.978737831 -0.725197196
C 1.336514831 0.475907356 -0.782909393
C 1.362720966 1.202724457 0.356130183
H 0.972424328 -1.545942426 -1.484823942
C -0.604730129 -0.888077140 1.293453217
H 2.403762102 1.765941858 0.596962512
H 1.231324673 2.574350595 -1.392306805
H -1.838746309 -2.661278725 0.659611702
N -0.544056237 -1.226057887 -0.075325668
H 2.286867380 0.328120530 -1.235014081
H 1.084437251 1.024374247 1.359639764
H -2.870284319 -0.134980708 0.719989777
H -0.239184618 -0.387406975 -1.894673347
C -1.632823825 -1.484912157 0.519551396
O -2.906342983 -1.005488157 0.536387205
H -0.805305958 0.164763451 1.443068624
N 0.378831863 -0.712161660 -1.094501972
H -0.099225834 -1.282629728 2.068243265
