19

C 0.994859517 1.742995739 -0.820831776
H -0.106221199 1.869433880 -0.692422509
C 0.937888682 0.530436158 -0.386866868
C 0.678524494 0.594365716 -0.564930677
H 0.981467426 -1.405372977 -1.446676493
C -0.574944794 -0.777543187 1.083250284
O 2.242566109 1.788267732 0.637768745
N 1.411035657 2.494606972 -1.291435122
H -1.876938343 -2.581415653 0.625965834
C -0.527340233 -1.072919011 0.050595164
H 2.150453568 0.322218239 -1.065398812
H 1.088852406 0.948151946 1.057638288
H -2.796431541 -0.225008518 0.784867287
H -0.031706605 -0.342546701 -1.638049364
C -1.407664180 -1.233253121 0.608750820
H -2.861129761 -1.008561254 0.686263323
H -0.639358580 0.075457014 1.258058190
C 0.447291553 -0.494121492 -0.738341451
H -0.111203387 -1.225191712 1.851795197
