19

H 0.388836175 1.063798785 -0.527222991
C 0.915573716 -1.138208270 0.516406953
C 0.669776917 0.188797012 -0.088994235
C 0.563088417 0.616364479 0.272819668
H 0.624419451 -0.823311687 -1.007521868
C -0.557018280 -0.238418251 0.481773525
H 1.547150612 1.531726241 0.561096430
H 0.519554853 0.651930809 -0.201534897
H -0.732964516 -0.445659250 0.271028727
O -0.895552993 -1.007219195 -0.588531077
C 1.349037886 0.347174138 -0.746225119
C -0.667064548 -0.233329803 -1.879833937
H -1.627688885 -0.000998601 0.287716568
C 0.022762679 -0.153980523 -0.403656602
C -0.581915855 -0.345595509 0.278856844
C -0.510789514 -0.435923487 0.287665784
H -0.531192422 0.722052455 0.661000907
C -0.091194242 0.364054710 0.415338039
H -0.404819041 -0.663254142 1.409817219
