19

C -8.744494438 73.900993347 -7.970411301
C 14.661026001 -53.364910126 -38.848281860
H -20.086818695 76.755401611 91.095733643
C -83.458526611 45.667068481 -28.263397217
H -52.930480957 -18.354354858 95.715621948
H 36.400249481 -23.741954803 -106.031021118
C -73.673736572 -59.435115814 -46.291870117
F -36.711929321 -48.972091675 17.287284851
F 5.476037979 -59.322128296 -8.244838715
O 24.055858612 108.561927795 50.423492432
F 8.449126244 32.705413818 8.416948318
H -21.127155304 -73.472442627 -57.359878540
C 23.857078552 5.710121155 -6.683189392
H 56.196681976 -49.442848206 80.839385986
H 109.072845459 5.963851929 1.473421097
C 7.088054657 11.216394424 -11.563690186
F 15.331151962 -9.630517960 -12.767688751
C -9.238569260 32.056640625 -5.375283241
C 5.383609772 3.198556900 -15.852333069
