19

C -0.094984531 -0.855473697 0.639322400
C 0.399926424 -0.858253956 0.319832921
C -0.649762511 -0.198545158 0.310519844
C -0.164102972 -0.463726342 -0.204487622
H -0.274363160 -0.021258041 0.248360753
C 0.248088419 0.224256083 -0.743101597
H -0.330720305 -0.373843431 0.061814427
H -0.274089038 -0.828452408 0.392000228
C 0.821738839 1.907681704 -0.031387269
H 0.341670752 0.380779624 0.082106590
C -1.286453009 -0.375997037 0.562045097
C -0.738022447 -0.367461979 -0.608908892
H 0.745012999 0.009736970 -0.129067600
H -0.062819541 0.060568109 0.356807768
H 0.153741360 0.118209407 -0.035699129
C 1.460618973 0.770861685 -0.641759753
H 0.154222667 -0.102842420 -0.169929266
C -0.127158761 0.335071146 0.730530024
C -0.322544038 0.638689637 -1.138998508
