19

C -17.379430771 8.001781464 -0.078036666
H -24.713289261 -1.343733668 0.273028970
H -20.070854187 1.705273867 2.215492487
C -10.518991470 -0.283979893 2.268713474
H -20.376653671 -0.147300124 4.041726589
C -15.456539154 2.983048439 5.257511139
C 158.692199707 5.903351307 -26.052059174
C -19.265216827 1.006646991 -1.453675747
C 144.581314087 -19.968620300 12.002396584
C -17.694398880 -2.648319721 -4.851335049
C -20.360496521 -0.527525544 6.421045303
H -20.449642181 -3.831457615 0.517296553
C -13.582834244 1.011174083 -1.059200048
C -16.245464325 4.337901592 -5.168397903
C -23.889247894 1.564630866 -2.826037407
C -13.457916260 -3.828613758 5.108248234
H -21.400825500 5.566514969 2.883495808
H -18.934858322 -0.485599160 -0.271824598
C -9.476839066 0.984825611 0.771611452
