19

C 0.898400903 0.328131437 9.114723206
H 0.814537764 0.515682220 8.752712250
C 1.394363642 -0.309126377 8.919736862
H 0.806228936 0.096566916 8.981045723
H -2.975925207 4.687252522 14.509992599
C 0.862638474 -0.005396128 8.887811661
C 0.946362734 0.270467281 9.426512718
C 0.900412321 0.401116610 9.561079025
C -20.336240768 2.082034111 -141.790786743
C 0.019302368 -0.480362415 8.395288467
C 1.083119154 0.439525843 9.484632492
H 0.970517576 0.291441917 8.991946220
C 0.418084741 0.272175074 9.129960060
H 0.758211553 -1.433905125 7.596739292
H 0.307358742 -1.892143726 6.898231983
C 0.572418690 -0.183835030 7.901083469
C 0.370063066 0.335399151 8.715885162
C 11.426552773 -5.359672070 -12.519672394
C 0.763592005 -0.055351973 9.043063164
