19

H -0.019486830 0.503699839 -1.561370254
H -0.232040212 1.084934473 -1.610171199
C -0.338904053 0.462055206 -1.763505816
C 0.291896433 0.560370982 -1.433615088
H 0.701415360 -0.828405440 -2.020313978
C -0.669310570 -0.369261920 -1.399607778
C -1.507151484 -1.304332972 -2.670901299
H 0.597471774 1.970195055 -2.116271973
H -1.749879122 -1.945474148 -0.184368491
H -0.965410948 -0.901391208 -1.297860026
H 1.328348994 0.492609292 -1.972975731
H 0.427791089 0.619292796 -0.843014836
C -1.738220453 -0.477997839 -0.594496846
C 7.751325130 2.872822046 23.851518631
C -0.795836329 -0.499832153 -1.344975352
N -1.870140076 -0.758333743 -0.232759356
C -0.730829954 -0.236477911 -0.971758246
C -0.129927740 -0.205459595 -1.659684420
H -0.351110846 -1.039012909 -0.173867583
