19

C -0.021465421 -0.587808371 0.461606622
C 0.067593336 -0.753117442 0.187341467
H -0.310310423 -0.206987381 0.150576383
C -0.207404613 -0.302083850 0.004911005
H -0.172336221 -0.089522362 0.045792043
C 0.003572583 0.209167719 -0.580300927
H -0.259038329 -0.341559827 -0.011545092
H -0.288845658 -0.732687712 0.294674605
C 0.159279585 1.775273800 -0.206477404
H 0.254872918 0.466774702 0.101951301
C -1.172439456 -0.462640703 0.559548736
C 0.013460398 -0.066714883 0.321855247
C 0.928710103 -0.149759352 -0.191109359
H -0.095442176 0.036899328 0.334439039
H 0.179192066 0.253527999 -0.069174558
C 1.046784043 0.703748465 -0.719848931
H 0.381826758 -0.417038083 -0.292473912
C -0.331956148 0.274828672 0.710778356
C -0.176051676 0.389698505 -1.102544308
