19

C 7.124794960 5.553714275 2.911028385
H 5.675601006 4.598432541 1.257158399
H 6.704510689 5.002151012 2.288276434
C 6.931492805 4.925413132 2.150536299
H 6.221046448 5.151823997 -1.452525377
C 5.738190651 4.624897003 2.855449915
C 5.131773949 3.507765293 1.815009356
C -115.840507507 -93.404296875 -38.323722839
C 7.542332649 4.831489086 3.978120565
C 7.304136276 5.597259521 2.118594885
C 6.863683701 5.345475197 2.857580900
H 6.188979149 5.319619656 2.288109303
C 6.833074570 5.419947624 2.763676882
H 4.845700264 4.984827042 0.530901372
H 6.977559090 8.145755768 1.754059553
C 6.139915466 4.970526695 3.086781263
C 6.136172295 5.538999081 2.746316433
C 7.893728256 4.357088089 2.613683462
C 5.587813377 5.529120445 1.760963202
