19

C -0.166934490 -0.962659121 10.435026169
H 0.054835320 -0.669459701 8.763889313
H 0.625884533 -1.184991717 8.828567505
C 1.513328552 -1.035792232 10.420619965
H 0.446951509 -1.031523824 8.808935165
C -0.263803959 -0.726720929 10.885276794
C -89.279563904 -18.640787125 -77.760383606
C -2.295545578 -4.526958466 9.616405487
C 89.471099854 40.668220520 -87.826591492
C -0.350955963 -1.644106150 9.705356598
C -0.347323656 -1.346351743 10.567348480
H -0.359411001 -1.406388402 9.888399124
C 0.066925526 -1.380696893 10.115339279
C 0.053755522 -0.850919366 8.470020294
H -0.377132893 -1.274254084 9.592578888
C -0.080531359 -1.270978689 10.015117645
C -1.146883726 -0.751752734 10.079837799
H 0.714932561 -1.546244025 9.081222534
C 1.720369816 -0.417640835 10.313024521
