19

C 0.881797314 1.511789680 -0.851632476
H -0.156904906 1.739818096 -0.806173742
C 0.679713011 0.639315665 -0.457545012
C 0.734642744 0.531547785 -0.501059890
H 0.817753315 -1.299055696 -1.470715165
C -0.614053965 -0.884020329 0.758501530
N 1.920952201 1.589069247 0.324694574
F 1.430345893 2.249267578 -1.377540827
N -1.864003062 -2.363051176 0.499104112
O -0.477322400 -1.150756955 -0.280084699
H 1.352438092 0.416795939 -0.811954021
H 1.103057265 1.063704014 0.984086514
H -2.405095816 -0.420134485 0.658703566
C 0.713252068 -0.555701017 -0.799601138
C -0.854365706 -0.826521039 0.547359705
H -2.735395670 -1.117287040 0.760800242
H -0.511626542 0.121854506 1.124148726
C 0.274746150 -0.009357311 0.068641625
H -0.289930195 -1.237277269 1.630266070
