19

C 0.133489132 0.508717537 0.421789080
H 0.202655077 0.130380630 0.166874200
C 1.247217178 -0.302332401 0.156316429
H 0.273272395 0.137959242 0.174989790
H -1.212004900 3.753476620 5.819721222
C -0.231812000 -0.202005863 -0.100351423
C 0.270186305 0.058425903 0.495953768
C 0.043279529 0.795464754 -0.095594376
C -1.499035835 -2.850919247 -3.589823008
C -0.848325253 -0.568940401 0.029818445
C 1.160653353 0.059615612 -0.231463283
C 0.104154944 0.581817865 0.067486793
C 0.532429814 0.771537304 0.429370195
H 0.628559351 -1.150023460 -0.769818425
H -1.313712120 -1.292766094 -1.332104206
C -0.571358919 -0.653798819 -0.264891833
H -0.011543512 0.314732313 0.191942006
C 0.790974140 -0.576047182 -2.288171053
C 0.300922155 0.484706163 0.717955828
