19

C 0.072673440 -0.533320069 0.803074837
C 0.134116054 -0.539207101 0.270961404
C -1.389184475 -0.183641315 0.771854281
C -0.261756778 -0.099683583 0.003259778
H 0.435720325 -0.719329119 -0.588336349
C -0.222741008 0.616044581 -1.043368936
H -0.343305588 -0.514083862 -0.063585520
H -0.548403859 -1.118488431 0.832001805
C 0.815515876 2.101534367 -0.027229428
H 0.195300937 0.206110358 0.075419068
C -1.040619850 -0.184877872 0.684253335
C -0.455230355 -0.090469837 0.083057404
C 1.663217425 -0.060887575 -0.091183543
H -0.176768780 0.060063243 0.495758414
H 0.126335502 0.114429057 -0.003468156
C 1.175008893 0.736974061 -0.902972102
C 0.605042338 -0.812416911 -0.629348874
C -0.323165536 0.424900919 0.771053553
C -0.461752295 0.596348763 -1.441203475
