19

C -11.324909210 10.731394768 3.122303724
H -11.254394531 11.320740700 5.878361702
H -11.335105896 8.501890182 4.730804443
H -11.082757950 10.664497375 1.613238573
H -10.371427536 9.459170341 2.945951223
C -11.201242447 10.771851540 5.269179344
C 3.118945122 3.479722738 -2.337950945
C 48.382759094 -153.685195923 1.058534145
C 130.866683960 -13.724869728 -58.952182770
C -10.813810349 11.054940224 4.559165955
H -11.160366058 8.308283806 3.520670176
C -12.095775604 10.832901001 6.209891319
C -12.768915176 10.092920303 0.558102846
C -12.345380783 10.225820541 3.896898985
C -10.815818787 9.002333641 2.904190302
C -11.991777420 9.750165939 4.709717751
H -11.138698578 12.191347122 3.540323019
C -11.419916153 10.276741982 2.680593252
C -11.248114586 10.745348930 4.092201233
