19

C -5.232576847 6.766438007 -4.623603821
C 94.751502991 -113.179077148 76.383735657
C -5.096020699 6.451998234 -4.341166973
H -5.031650543 6.667479992 -4.093561649
C -5.144712925 5.852247715 -4.925349712
C -5.730241299 6.223395824 -4.132415771
H -4.424149513 7.034396648 -3.889830589
H -5.080944061 6.596815586 -4.389108181
H -5.777348042 5.916562080 -4.319318295
C -6.064001560 5.690602779 -4.792601585
H -4.561326027 6.459897995 -4.823470592
C -4.389956474 6.467675686 -2.458186388
C -6.327988625 6.210163116 -4.245374680
C -5.528424263 6.297877789 -4.670577049
C -5.806752205 6.121735096 -4.262997627
C -4.204503536 6.345715046 -4.795954704
H -5.697928905 6.593029499 -4.004483223
C -5.084378242 5.835692883 -4.374132156
H -5.568589687 5.647351265 -3.241602182
