19

C -90.355468750 68.943038940 20.913082123
C 8.316667557 2.200643539 -0.599893689
H 7.712792873 1.675030947 0.263941795
H 8.123064041 1.511031389 0.218789607
C 7.780313969 0.579372168 -0.497134417
C 7.582281590 1.719225645 -1.389339685
C 7.557157993 1.484523535 -1.539243221
C 8.163290024 1.490871191 -0.704643250
C -46.932437897 -95.851676941 -10.545404434
C 7.984019756 1.741841555 -0.699715137
C 8.204111099 0.784163475 -0.071863145
H 7.290553570 1.813471079 -1.032885313
H 8.014310837 1.591101885 -0.385089606
C 9.224647522 1.114356041 -1.500940084
C 9.375844955 3.138758898 0.456863552
C 7.944640636 1.636175871 -1.401406288
H 8.334449768 1.409120798 -0.305087060
H 7.670569897 1.650934935 -0.213436574
C 8.009191513 1.368008137 -0.966593742
