19

H 0.432944477 1.789348245 -0.667102516
H -0.211524442 1.675174952 -0.519921064
C 1.033797622 0.448886514 -0.349675477
C 0.722650886 0.844405770 0.005061612
H 1.000843883 -1.271785378 -1.438762546
C -0.556137681 -0.331642956 0.255775034
C 1.291371226 1.353321433 0.221690372
C 0.104130343 -1.826178908 1.732042432
H -1.598207116 -1.841117024 0.203476712
H -0.726434112 -1.014254451 -0.604084849
H 1.963488698 0.570205927 -0.923298001
H 1.053699255 1.171612501 1.148226619
N -2.313108444 0.124806017 0.432326257
N 0.054775655 -0.190369815 -1.161004066
C 0.307992816 0.103532881 0.090019062
O -2.389531374 -0.426981598 0.799269736
C -0.329422712 -0.200384408 0.092804357
C 0.279884338 -0.245862275 -0.669506788
H -0.121213034 -0.732716918 1.352663040
