19

C -0.038666397 -0.906121135 0.696636558
C 0.119878024 -0.442460954 0.228851855
H -0.300611645 -0.183805078 0.208908677
C -0.356228024 -0.641465306 -0.327581704
H -0.362832457 0.226113811 0.466886908
C 0.346826971 0.316571951 -0.780650854
H -0.481274337 -0.455255121 0.055963956
C -0.683951616 -1.365440845 0.703326225
C 0.918603539 2.022156477 -0.062816754
H 0.276785880 0.372411519 0.020370990
C -1.165193677 -0.393119097 0.801497102
C -0.763301730 -0.323132992 -0.656125426
C 1.539474130 -0.202926651 -0.343153894
H -0.035480231 -0.065198235 0.109865844
C 0.284716219 0.421328992 -0.045438126
C 0.901517749 0.628512800 -0.351175487
H 0.042296499 -0.146606967 -0.133938491
C -0.062393993 0.401068330 0.682107568
C -0.180165440 0.737368345 -1.273535132
