19

C -1.128441691 1.117155075 2.530760765
H -1.994353652 0.679344177 2.338804722
H -0.560985923 1.193717003 2.764318943
H -0.494048953 1.136062145 2.958354950
H -0.933582187 0.784928799 2.069056511
H -1.021536231 0.810174942 2.419281960
C 101.427452087 41.775856018 14.034275055
C -0.936376691 1.279277802 1.882176876
C -81.981719971 -58.925949097 -54.250152588
C -1.538146138 0.871974945 2.229678631
C -1.068379760 1.179801941 2.429121494
C -1.281769633 0.589745522 3.028717518
C -2.205157280 0.240798473 2.130327225
C -1.330246329 1.204881668 2.352580547
C -1.978169322 1.172443867 1.854453564
C -1.270238042 1.258080959 2.157872200
H -1.013261437 0.980554581 2.682612896
H -0.543871284 1.202417374 1.565682888
H -0.147167802 1.448732376 2.822082043
