19

C 4.941383362 4.908329010 -0.864734411
H 4.807115555 4.275457382 -1.192894220
H 4.881562233 4.705286980 -0.990489483
C 6.627500534 4.329913139 -1.277572632
H 4.632657051 4.715415955 -3.701255083
C 4.339230537 3.845439196 0.796979904
C 6.407905102 5.311060905 -0.934986234
C -93.082138062 -83.212326050 18.795036316
C 4.830219269 5.085487366 -0.506524682
C 4.520072937 4.572411537 -1.688849211
C 4.951207161 4.896650314 -0.948027372
C 5.265019417 4.539575577 -1.260211229
C 4.824153900 4.756869316 -1.095603943
H 5.121879578 4.632198334 -0.529582381
H 8.681848526 4.246448517 -1.275437355
C 4.329921722 4.633588791 -0.581429839
C 4.142837524 4.361233711 -0.826807976
C 5.883318901 4.599787712 -1.058265805
C 3.894304276 4.797181129 -0.859346151
