19

C 0.022221759 -0.516108155 1.090509176
C 0.073225260 -0.212165356 0.357202172
H -0.298639446 -0.176826119 0.159112573
C -0.379225522 -0.334366679 0.184558749
H 0.046093583 -0.729306817 -0.799453139
C 0.025801301 0.615519285 -0.923386216
H -0.994601488 -0.386211038 0.194624186
C -0.686608791 -1.675001740 0.997173071
C 0.831230164 1.984130144 0.220923424
H 0.292254925 0.114856362 -0.083194733
C -1.522425413 -0.307047129 0.940893054
C -0.688554168 -0.382808805 -0.533013940
C 1.845343113 0.113910794 -0.224890351
H -0.059778631 -0.212917805 0.166618943
H 0.537034452 0.303997517 0.123535633
H 0.845334768 0.867877781 -0.292069316
C 0.596831560 -0.540519595 -0.836689115
C -0.317981839 0.555491805 0.521240473
C -0.167555928 0.917493761 -1.263693452
