19

C 0.072469950 -0.647121668 0.577934742
C 0.095272064 -0.577551663 0.118741006
H -0.505338907 -0.276315629 0.145197868
C -0.248214126 -0.207022429 -0.061985135
H -0.184344769 -0.201736301 0.074359179
C -0.234917521 0.333880305 -0.726553559
H -0.345384359 -0.390500575 0.032552063
H -0.460753560 -0.969305694 0.345738888
C 0.635605574 1.950543404 -0.159679949
H 0.161597133 0.135173917 -0.000154465
C -1.282449603 -0.389929563 0.448534161
C -0.108119726 -0.125688791 0.062671304
C 1.652276516 0.017729484 -0.198558450
C -0.157413006 -0.093516663 0.813394129
H 0.112684727 0.070272520 -0.050421596
C 1.028484344 0.731588840 -0.856131911
H 0.296759963 -0.374288976 -0.252249599
C -0.358625114 0.491880298 0.826611161
C -0.169590354 0.521909356 -1.139999986
