19

C 3.118561268 5.991861343 0.602530897
H 3.446747303 5.359568596 0.063201964
H 2.650309563 7.278594971 4.585672379
H 3.276493073 6.000984192 0.395010889
H 4.441868782 4.124149323 -2.892273664
C 2.498406410 6.662330627 -0.670673549
C 3.680391312 5.105274200 -1.420473099
C -57.707725525 -105.488586426 -6.838587761
C 2.458394051 6.375606537 0.595623553
C 3.781376839 6.519442558 0.355094016
C 2.912680626 5.547945023 0.493150651
H 3.310371876 4.968362808 -0.337960541
C 4.041457176 6.066109657 0.260063708
C 3.036856174 5.537583351 0.394384682
H 3.524079323 5.684351921 0.296574175
C 3.132961750 6.364401817 2.891811132
C 3.144673824 5.812914848 0.500668108
C 1.869046688 5.999086380 1.765944242
C 3.383042812 6.090019226 -1.039761305
