19

H 0.382951289 1.060145974 -0.171514541
H 0.043108474 1.710808873 -0.301607817
C 0.570633769 0.558202982 -0.104601070
C 0.466113359 0.504935145 0.040404793
H 1.039090872 -0.691557884 -1.020590663
C -0.021942820 -0.044580907 -0.067637697
C -1.408893585 -0.957597136 -1.391449094
C -0.067510232 -1.701520562 1.513169885
H -1.159639359 -1.543902755 0.629774034
H -0.346922547 -0.641457081 -0.474059373
H 1.834641457 0.818831325 -0.643660426
H 0.908725560 1.187257171 0.833934963
O -1.697555661 0.444491684 0.620485783
O 0.283925354 0.183660239 -0.790270805
C 0.104165807 -0.015421063 -0.000400413
C -1.711062551 -0.175131768 1.082688928
C 0.167781189 -0.418044358 -0.328426987
H 0.485744834 0.099169433 -0.696013451
H 0.126644447 -0.378289133 1.269774318
