19

C 0.612376034 0.521528423 8.423524857
H -3.515053988 3.118178844 6.264293671
H -2.209435463 -0.060294092 10.487957001
C 3.157543182 -3.776247263 10.449182510
H -1.396392703 0.242420673 11.095474243
C -0.146480039 2.274153471 13.645892143
C -108.251342773 -49.524749756 -92.626022339
C 0.768698990 0.761244118 8.670525551
C 124.417266846 37.194164276 -68.461585999
C -1.884610891 -0.773614109 5.664909363
C -0.592125833 0.830397367 11.135632515
C 1.697624207 0.878784657 12.066541672
C -1.796203852 6.955416203 11.278150558
C -1.122937918 2.670315981 6.442405701
H -6.652733803 -2.632552624 7.232234955
C 1.552872419 1.512250185 7.608489990
C -7.346817970 2.335132599 11.427727699
C -2.303657293 -4.244892597 6.846805573
C 5.011402130 1.718367338 12.347863197
