19

C -0.209415078 0.003674269 0.712768555
C 0.475503802 -0.682177782 0.188380003
H -0.442510486 0.080385685 0.418388605
C -0.719376087 -0.196936369 -0.060000658
H 0.309742093 -1.486611605 -1.559362173
C -0.214812160 0.595603466 -1.484024763
C -1.854892015 -1.031160593 -0.128087997
C -0.560891032 -2.155542612 0.503241777
C 1.786279678 1.920614481 1.075117588
H 0.517205000 0.176240325 0.635366678
C -1.884102345 0.413194299 1.058281898
C -1.074553490 -0.785906553 -0.797242165
C 2.183484554 0.602437973 0.265289545
H -0.147104263 -0.151250124 0.076333284
H -0.217985153 -0.223902702 -0.415632010
C 2.014245510 1.360620737 -1.232671976
C 0.671733856 0.436052203 -0.237779617
C -0.686398268 0.640846372 0.886214018
C 0.053846121 0.483821154 0.095417261
