19

C 1.407895803 -1.785847664 5.012667656
C 1.506352663 -1.824092865 4.735102654
H 3.255676985 -0.941632092 1.704221010
C 0.698771715 -1.047133446 4.468875885
H 0.567506075 -0.338851035 21.232904434
H 0.443495512 -2.175288439 2.797377825
C 1.765552759 -1.657162905 5.010235310
C -21.729877472 29.621612549 -96.238052368
C 1.046422243 -1.218178272 4.705025673
H 1.556743860 -1.586024046 5.021657467
C 1.256878138 -1.483151436 4.819901943
C 0.958140850 -1.443005085 4.564595699
C 1.640180349 -1.952801228 4.952981949
H 2.304948092 -1.080476284 5.113635063
H -3.218480825 -3.939190865 3.667250395
C 1.879155993 -1.914283991 5.007995605
H 1.664021015 -1.752261877 3.926228523
C 1.443456888 -1.695812941 4.650510788
C 1.553164244 -1.786419392 4.846878052
