19

C 0.026509345 -0.587012291 1.309058189
C 0.017794013 -0.269378424 0.354960918
H -0.823843002 -0.032285452 0.823852062
C -0.641330600 -0.355411291 -0.326793909
H 0.199287415 -0.588444710 -0.731420755
H -0.096705228 0.464806318 -0.642660379
H -0.931866527 -0.418716431 0.249994755
C -0.762392879 -1.940571070 1.156804562
C 1.320687532 2.403455973 0.096083760
H 0.130626887 0.125795603 0.164693356
C -1.492241979 -0.066875219 0.793592095
C -0.642076492 -0.278706312 -0.329551697
C 2.055546999 0.375975251 -0.043208838
H -0.200590730 -0.238344908 0.246938944
H 0.086335391 0.015125632 0.019279718
C 1.212820411 1.037419558 -0.927883387
C 0.936986208 -0.910519361 -1.137334108
C -0.209584355 0.327766895 0.610620737
C -0.185962081 0.935917020 -1.687027216
