19

C 4.903798580 11.737177849 3.099323988
H 5.268213749 12.019169807 3.176798582
H 6.326578617 10.658371925 1.054957271
H 4.772287846 11.727000237 3.136490107
H 6.123026371 10.563561440 4.120417595
C 5.048255444 11.795088768 2.750543833
C 4.481889248 11.370612144 2.337493420
C -10.873622894 -122.621704102 -16.508922577
C -75.077095032 -74.177200317 -32.567173004
C 5.034565926 11.159136772 2.593832254
C 4.915676594 12.349162102 3.338220835
C 4.412136555 11.930901527 2.903760195
C 3.937644482 11.840033531 2.614865541
C 5.399214268 11.050786018 3.500208139
H 5.142009258 11.266781807 3.005070448
C 5.533454418 11.665308952 2.293863535
C 4.946787357 11.981644630 3.347908497
C 4.794374943 11.563239098 2.980561018
C 4.910806179 12.120934486 2.821783781
