19

C 1.208571076 1.706651688 -6.036652088
C -0.494250059 14.999170303 -3.423498154
H 0.577264786 9.799304008 -1.860394955
C 6.198005199 5.245306015 -3.941443443
H -7.629886150 16.248212814 33.277713776
H -2.610695362 13.089195251 -3.527321815
C -0.507434368 4.999801636 -8.236776352
C 9.810201645 -150.812957764 37.350727081
C 0.248074591 1.319054604 -0.856257439
H 0.049265623 3.540775299 -3.133799076
C 5.157599449 12.899813652 -5.735278606
C 2.129196644 6.590228081 0.895307064
C -4.162372589 9.120423317 1.395452023
H -1.994433165 13.560897827 -7.807253361
H -4.451216221 3.506753922 -4.611061096
C -0.160935760 10.098975182 -6.530953884
C -6.039616108 6.751148224 -2.302056313
C 6.290794849 8.483531952 -6.215385914
C -3.618133545 8.853716850 -8.701068878
