19

C 0.215503693 -0.409369349 -0.401735306
C 0.310501814 -0.579489589 -0.625013590
C -0.714183331 0.208081305 0.357835650
H -0.054955482 -0.407905102 -0.366486549
H -1.037955284 6.108535767 8.855825424
C 0.445976257 -0.498657942 -1.040230274
C -1.323884964 -1.194132805 -1.136050224
C -0.391717911 -1.616714239 -0.390164614
C 1.861246109 0.622006893 0.002271652
H 0.132206917 0.117489696 -0.465120792
C -0.608666897 0.231808662 0.556136847
C -0.667409897 -0.477918506 -0.626481056
H 0.360312223 0.001801610 -0.652172804
H -0.436478853 -0.379240751 -0.934409618
H -1.698122501 -1.203227043 -0.160766006
C 2.104889154 0.254260123 -0.774302721
C 0.641323566 -0.069296002 -0.809907436
C 0.260263443 -0.432389498 -0.653640985
C 0.601152182 -0.275643468 -0.735587835
