19

C 3.204022646 3.895043373 -2.508830070
C 2.796437979 3.812057495 -2.437534332
C 3.134478807 4.052250862 -2.509471893
H 2.740366697 3.643362522 -2.998721123
H -14.843894958 33.086845398 45.379055023
H 2.997270346 3.822995186 -2.335173130
C 3.280112028 4.137028217 -2.625488758
C 3.428490162 4.074687958 -2.313734531
C -35.776393890 -97.453491211 2.663674355
H 3.372098446 3.809541702 -2.417068481
C 3.195614338 4.001114845 -2.490969658
H 2.928179264 3.759717941 -2.925451756
C 2.857963562 3.808509350 -2.419746399
H 2.030478716 2.215765953 -5.276514053
H 2.760982752 3.182904720 -5.072560310
C 2.600023985 3.870337009 -2.162764072
C 2.932881594 3.849438190 -2.430495262
C 3.391933680 4.367464066 -2.571928024
C 2.968946695 4.064424038 -2.546272278
