19

C -0.098678932 -0.527711272 1.261945605
C 0.178441331 -0.628920197 0.341107368
H -0.363095462 -0.125047326 0.154411793
H -0.819466472 -0.357967973 -0.097474098
H 0.434982538 -0.905821681 -0.773709059
C -0.043209046 0.457456231 -0.533851385
H -0.593444645 -0.439605117 -0.001513004
C -1.163312674 -2.531206131 0.104547739
C 1.359676480 2.300065517 0.810438037
H 0.544017434 0.682851195 0.749035835
C -2.248533487 0.165271878 0.740197182
C -1.401848674 -0.799447656 -0.460458517
C 2.290143013 0.749738336 -0.030992508
H -0.142836720 -0.193507314 0.075364590
H 0.096007034 -0.201732278 -0.271659136
C 2.044366121 1.502359509 -1.293162107
C 0.913837194 -0.315816522 -0.942531824
C -0.541023791 0.632546544 0.707643270
C -0.446021318 0.536493301 -0.539338827
