19

C -0.145129442 0.376478195 0.885164499
C 0.441121578 -1.121563196 -0.450781345
C -1.251716852 0.477215648 1.290807247
C -0.513025284 0.022787571 -0.061203241
H 1.129109621 -3.278141737 -4.270914555
C -0.039289713 0.540786743 -0.862053394
C -1.949620485 -0.847412825 -0.277122498
C -0.308670998 -1.710313082 0.619727850
C 2.235804081 1.513964653 0.619132757
H 1.048454285 -0.268156290 1.020195484
C -2.083956003 0.765122056 1.279156208
C -1.330998182 -0.695182085 -0.594876289
H 0.897895813 1.221909761 0.676081419
H -0.320281029 -0.033419132 -0.010493279
H -0.715949297 -0.419620752 -0.301123142
C 2.546683550 1.289648294 -0.764695644
C 0.911988497 0.762899280 -0.314333439
C -0.625395298 0.837779522 1.317219257
C 0.072971821 0.565217614 0.200106621
