19

H 0.359151602 0.557835400 -0.249979720
H 0.034605667 1.486082315 -0.501234770
C 0.255970478 0.624444664 -0.313332319
C 0.509050608 0.701862454 -0.203050703
H 1.048023224 -0.617170632 -1.369782209
C -0.201795012 0.024847418 -0.112759992
C -1.001496673 -0.978079855 -1.339071035
C 1.458473444 -0.711654365 0.815181077
H -1.802392960 -1.881773949 0.766149104
H -0.580874443 -0.408809960 -0.514765620
H 1.468149304 0.696649015 -0.888010502
H 0.816102505 1.117211342 0.400742710
C -1.576503396 -0.155838132 0.645247698
C 0.825606346 0.223034084 1.875599861
C 0.154122680 0.120699823 -0.060557410
N -1.836975694 -0.141853273 0.768065512
C -0.141185790 -0.241827071 -0.240606621
O 0.292602599 0.270004392 -0.639419854
H -0.080634505 -0.685663879 1.161585569
