19

C 0.963017285 1.726777673 -0.873770177
H -0.112154752 1.782162786 -0.673303902
C 0.541540027 0.577490270 -0.312229514
C 0.868555665 0.709372461 -0.291688204
H 0.929941475 -1.354618311 -1.439761400
C -0.609394372 -0.933037698 1.053478241
F 2.244492769 1.778133869 0.523757875
O 1.357203007 2.398991585 -1.360205412
H -1.870449424 -2.478086472 0.588752151
C -0.554606080 -1.204111814 -0.073162749
H 2.330943108 0.258944273 -1.108092070
H 1.106930971 0.998614252 1.142844677
H -2.696989298 -0.323163986 0.698183835
O -0.051932324 -0.265088588 -1.595627069
C -1.200425386 -1.048425555 0.581228793
H -2.731063366 -1.016259909 0.652669132
H -0.650764465 0.077891067 1.228231192
C 0.290373474 -0.391062200 -0.530718446
H -0.155218646 -1.294523716 1.789413214
