19

C 3.064993858 5.437852859 7.381347656
H 3.306802273 5.733350277 7.674413681
H 3.908940315 4.275828838 8.952938080
C 3.348589897 5.394633770 7.384083748
H 5.105898857 7.545866966 6.531303406
H 3.091357231 5.413270950 7.295468330
C 2.153928757 4.854198933 7.156031609
C -53.173446655 -94.886253357 -132.402160645
C 3.084104538 5.513641357 7.471854210
H 3.533142090 5.977268219 8.075645447
C 2.932566643 4.785460472 6.700051308
H 3.506006718 5.588582993 6.586342812
C 2.905001640 5.171763420 7.213679314
H 3.369421005 5.838296890 7.854605675
H 3.610721111 6.028802872 8.183830261
C 2.308309078 3.511403561 7.391161919
C 2.881525517 5.209473610 7.184408188
C 2.902343750 5.421597481 7.474957466
C -1.840188026 3.184959173 5.890038490
