19

C 2.903361320 -0.502620935 14.078018188
H 3.285520077 -0.772238255 14.035154343
H 3.548509598 1.292375803 10.540178299
C 2.319263935 0.137759924 12.974378586
H 0.894385338 -2.709103823 14.642007828
C 3.424476624 -0.491718531 14.481698990
C 3.006772518 -0.053749800 13.628810883
C -0.298672676 21.412195206 -132.290893555
C 1.470702171 -0.431407690 14.351015091
H 3.063426495 -0.508191824 13.942211151
C 3.137540817 -1.373995781 13.783273697
C 3.111739635 -0.426287651 14.741867065
C 3.274507999 -0.282046080 13.798503876
H 3.067439556 -0.585832119 14.116834641
H 3.078557491 -0.576624393 14.092226028
C 3.442656517 -0.616790533 13.679281235
C 3.004231930 -0.503076315 14.330678940
C 2.622411728 -0.107720137 13.066684723
C -48.356838226 -12.900927544 -101.991928101
