19

C 3.667558193 4.045933723 -2.955777168
C 3.725820065 4.294412613 -2.635196209
H 4.083440304 2.741817951 -5.686458588
C 2.754403591 4.492991447 -3.119610786
H -6.483497143 19.909019470 80.519935608
H 3.349322796 4.327790260 -3.781280518
C 4.008611202 4.131568909 -2.938486099
C -54.340705872 -92.174224854 -27.857360840
C 3.724668980 4.158468246 -2.879633427
H 4.995689869 5.950796127 -3.273531914
C 3.637820721 4.169559479 -2.596153259
C 3.771234989 4.055869102 -2.224464417
C 3.573636532 4.118345261 -2.649424553
H 3.759277821 3.732653618 -2.193080425
H 5.057572842 5.154159546 -3.602774620
C 3.336645126 4.032050133 -1.654066563
C 4.094825268 4.374017715 -2.590746880
C 3.305938244 4.210844040 -2.832358360
C -0.022257328 4.273926735 -5.049532890
