19

C 1.773459077 6.520784378 3.048187971
H 2.430205345 6.558200836 3.901639223
H -0.679285169 5.135876656 5.283387184
H 1.572650075 6.437576294 3.666369677
H 3.942988634 5.852089882 0.750587702
C 1.671161771 6.663263321 3.541586161
C 1.663483024 5.414793968 3.092253923
C -18.924617767 -95.479827881 -72.997360229
C -13.763024330 -3.317237854 3.904114962
C 1.851161599 7.381147385 3.213533640
C 1.508828282 6.885744095 3.464873075
C 1.676894784 6.817700386 3.698759794
C 1.918375373 6.709260941 3.876542330
C 1.594499707 7.848413467 2.454939842
H 1.442606807 6.286461830 3.798118830
C 6.251257896 -7.575557709 16.410163879
C 1.730083108 6.684537888 3.187091589
C 1.671173930 7.506725311 3.477454424
C 0.668098569 7.670047760 2.227764368
