19

C -0.396860182 2.385072231 -0.918421149
C 20.089614868 -29.673397064 13.078378677
C -0.394338310 2.110071421 -0.684289336
C -0.552521288 2.218769312 -0.663827181
H -0.208246306 1.428666472 -1.416273952
C -1.364553332 1.444550395 -0.291614860
H -0.456768334 2.054839134 -0.802071691
H -0.552435219 2.004643679 -0.892991662
H -2.324058533 -0.159900740 -0.288168520
H -1.641462445 0.829065859 -1.178893447
C -0.182853654 2.198362350 -1.003500938
C -1.583195090 1.344657063 -2.213493347
C -2.067862511 1.501491308 -0.328669161
C -0.899353087 1.766306996 -1.083315134
H -1.365334153 1.252460837 -0.310764521
C -2.057321072 1.102813244 -0.241702050
H -1.071086764 2.148000240 -0.145595282
C -1.755817533 2.852626801 -0.949257255
C -1.215550303 1.190900445 0.334471256
