19

H 0.558777452 1.372251153 -0.415317297
H 0.240060031 1.481875181 -0.461078256
C 0.083097681 0.490214229 -0.176936895
C 0.507604778 0.269255042 -0.141020283
H 0.956307709 -0.398709416 -1.014017463
C -0.098342702 0.029898286 -0.215962082
C -1.169674516 -1.021628380 -1.161820531
C -0.046368167 -1.506686211 1.142786384
H -1.408792019 -1.728200674 0.435877353
H -0.370303988 -0.682986856 -0.678865910
H 1.775708079 0.536991417 -0.837614954
H 1.189814210 1.234128714 0.683838725
O -1.824546695 0.231442332 0.443786681
C 0.878106654 0.019328415 0.579917789
C 0.269431472 0.087565064 0.070355162
H -2.008643627 -0.260474682 0.924290001
C -0.306268454 0.345155388 0.631075740
H 0.541018128 0.096073925 -0.856611550
H 0.233013630 -0.595493197 1.047317863
