19

H 0.385749340 0.432118505 -0.223098993
O 0.375806332 0.968627214 0.008427680
C 0.475996494 0.467936546 -0.172607362
O 0.842199266 0.667075634 0.123606980
O 0.874735534 -0.415755957 -0.076815248
C -0.463854790 -0.385429531 0.217485428
C 0.084704034 0.124694452 -1.396279812
H 1.289512396 2.212792397 -0.712875009
H -1.394064784 -1.553570509 0.996455669
H -0.648652136 -0.855356693 0.441201508
H 1.644319177 0.667876601 -0.435529828
C -0.279149890 -0.202267945 -1.912495255
H -1.538511753 -0.210075051 1.036134362
C -0.154286563 -0.022752494 -0.672204137
C -0.149346888 -0.108043641 0.161327899
H -1.597475648 -0.562434912 1.209784389
C -0.054663159 -0.420324594 0.020785034
C 0.191514462 0.130437076 -0.016474724
H 0.115468420 -0.935547233 1.403171301
