19

C 9.095069885 11.123769760 10.588960648
H 9.390274048 12.352868080 9.633855820
H 7.786427498 11.943437576 10.486837387
H 9.148223877 11.025514603 9.711387634
H 7.984137535 10.829764366 9.112405777
C 6.872827530 11.436658859 10.829284668
C -85.220054626 -77.120895386 -61.813404083
C -47.816944122 -120.081039429 -88.990341187
C 0.355678320 12.430665970 -4.039493084
C 8.909557343 11.985506058 10.202903748
C 8.170399666 10.810626984 10.091243744
C 7.196671486 11.617454529 7.923205853
C 8.664359093 12.094006538 9.528244019
C 8.966442108 12.309230804 9.945672989
C 7.965053558 12.207167625 10.471698761
C 8.850907326 11.750444412 10.181903839
H 8.645771027 12.086133957 9.663970947
C 9.111771584 11.243604660 9.485557556
C 5.923412323 9.955074310 6.986106396
