19

C -0.300178409 -6.151714325 -3.035444975
H 0.190933272 -6.589591026 -2.131030560
H -0.088162139 -6.500086784 -1.953950763
C 1.287261486 -4.149873734 -6.133042812
H -0.020403698 -6.529663086 -1.782010198
C 0.183159605 -6.941700935 -2.263427496
C 0.402510524 -5.910885811 -2.725764275
H 1.176804543 -6.277752876 -2.995236397
C -1.691040516 114.344802856 40.516010284
C -0.599723876 -6.104430199 -2.100615263
H -0.742978394 -7.163876534 0.659480810
C 0.218359098 -6.306670189 -2.698781013
H -0.087101653 -6.392958641 -1.761674285
C 0.168084219 -6.478934288 -2.665770531
C -0.605174124 -5.686874390 -1.620704770
C 0.948049247 -7.594275475 -0.249902815
C -1.033757448 -6.815340042 -1.826074719
C 0.508954346 -6.468156815 -3.028753281
C 0.084403977 -6.282033920 -2.203304768
