19

C 51.396785736 -132.937149048 -31.282056808
C -5.915662289 14.018645287 -3.009907246
H -2.572918892 11.954392433 -1.694372177
C 2.188197613 9.474913597 -4.658781052
H -32.734355927 9.597842216 108.098457336
H -1.372048855 13.263980865 -6.759769440
C -3.929238796 11.876683235 -7.691671371
C 9.290658951 -62.192562103 -10.430211067
C -1.236522436 13.177050591 -5.370450974
H -2.287048101 8.005366325 -5.781570435
C -0.152865171 14.746758461 -6.782289505
C -0.749532938 10.861891747 -0.258209229
C -3.009430885 13.139603615 -2.567228794
H -3.203403950 12.205805779 -2.218163967
H -5.113505363 9.690873146 -5.115310669
C -1.611821651 10.754185677 0.925482035
H -3.515746117 8.831904411 -5.271453857
C 2.617516994 11.262454033 -6.494813919
C 1.910941124 12.267329216 -3.637677193
