19

C 0.140999287 -0.400445342 0.554513514
C 0.513171434 0.027988538 0.961245835
C -0.045046814 -0.078653142 0.330141604
C 0.096035771 -0.293220937 0.067499459
H -0.021799304 0.058048770 0.188800156
C 0.376592666 0.197929010 0.157324970
H -0.074406780 -0.077594593 0.248863041
H -0.029676288 -0.159608409 0.356911153
C 0.621988177 0.882671297 -0.176245153
H 0.045517601 0.125689313 -0.030103743
C -0.543530822 -0.144413874 0.899518967
C -2.313001633 -1.678489089 -3.188053608
H 0.067810230 -0.022505924 0.187381864
H 0.062874235 0.024613455 0.262839735
C 0.255767763 0.108696654 0.102093101
C 0.711897135 0.211234853 -0.221360087
H -0.039613359 0.071863458 -0.107817113
C 0.069109015 0.246769458 0.483592272
C 0.105311625 0.899426460 -1.077145576
