19

H 0.533133805 1.524871230 -0.933642089
C 1.348931074 -1.053758502 0.566217601
C 0.507278442 0.516235530 -0.466504961
H 1.006883502 1.209542274 -0.058617838
H 0.891211390 -0.798683584 -1.305778503
C -0.703324795 -0.681142688 0.751531899
O 1.828597546 2.041146278 0.223980427
H 0.706945539 1.101897597 -0.584399283
H -1.531580925 -1.643277049 0.318980038
H -1.249859214 -1.396966577 -0.956415355
O 1.639203191 0.749672532 -1.227520347
C 1.410933018 1.163078785 0.786598921
H -2.486160517 -0.172067747 0.118721694
C 0.357564777 -0.039047405 0.321242541
C -0.977861106 -1.088803530 0.042534441
H -2.657472849 -0.564501166 0.811600804
C -0.475820988 0.740623236 0.718300700
C 0.312960565 -0.182035163 -0.677458942
H -0.461562246 -1.426783085 1.550628424
