19

C -0.009534359 -0.215287328 -9.120772362
C 0.696326971 0.850242198 -9.208315849
H 1.925641775 1.445462108 -12.271423340
C 0.070910931 0.755744219 -9.683340073
H -12.011434555 -11.216073990 175.915481567
H 0.183815718 -0.344675899 -9.480038643
C 0.383431911 0.482097745 -9.240036011
C -0.155951500 -0.069445491 -8.294782639
C 0.633159399 0.667156100 -9.423302650
H 0.372079849 0.802997231 -9.625204086
C 0.290729523 1.127517939 -9.444442749
C 0.337039471 0.132202029 -9.759914398
C 0.193223715 0.875972629 -9.342120171
H 2.304903984 1.300827861 -11.058505058
H 1.454396248 0.760090470 -10.546482086
C 0.377306461 0.787463725 -8.933557510
H 1.857594728 1.250426888 -11.128790855
C 1.009368420 0.070586324 -9.555103302
C 0.086989880 0.536696553 -9.799353600
