19

C -13.665564537 6.981081963 1.851849675
H -16.866662979 -2.701085567 2.607801914
H -14.301435471 -2.475457907 5.674843788
C -5.799736023 -2.266845465 4.133288860
H -14.325036049 -3.728258371 5.986417294
C -9.003696442 1.711183906 8.798752785
C 74.662864685 -5.083114624 -70.524284363
C -8.655316353 2.139229774 3.691388607
C 129.572875977 18.795867920 18.436183929
C -10.753904343 -1.496678948 -2.432146072
C -10.447452545 -0.646458745 8.389585495
H -15.469723701 -0.491818517 1.609196544
C -14.385108948 -7.182838440 -0.157862067
C -10.131778717 0.520220399 1.179083467
C -16.502660751 -0.279115409 -2.919973850
C -9.743033409 -5.389671326 8.719466209
H -15.611280441 4.427451134 3.356920481
H -12.865757942 -3.241123676 -2.007395267
C -5.707607269 0.407432109 3.606888294
