19

C 0.809781611 1.785004854 -0.876400352
H -0.281013787 1.986658573 -0.741294742
C 1.325907350 0.485002935 -0.699965417
C 1.296368599 1.126863599 0.244984210
H 0.936000705 -1.525475264 -1.442211151
C -0.595588446 -0.889382243 1.242477655
H 2.324410915 1.785903931 0.609529018
O 1.247326970 2.533511877 -1.390787840
H -1.845444679 -2.604659796 0.662914991
C -0.637502313 -1.276726723 -0.053232580
H 2.278015375 0.313619405 -1.161410093
H 1.094726205 1.016974688 1.318058252
H -2.784461737 -0.192829758 0.745539069
O -0.201735586 -0.398634195 -1.867575884
C -1.476413846 -1.245222569 0.489132941
O -2.906074286 -1.039403081 0.609132290
H -0.787206054 0.091272950 1.373774529
C 0.348441243 -0.697778344 -1.047437549
H -0.145537421 -1.254700541 1.984772205
