19

C -5.547629356 -4.825432301 -0.909014702
H -0.445643902 -0.878785729 1.035976887
C 5.156687737 -10.215682030 0.685977936
H 5.584200859 -11.555733681 6.332794189
H -0.703519344 -7.228363514 5.368984222
C -0.417542577 -6.179374218 10.192829132
C 0.500385404 -12.286965370 6.273925304
C 0.122754693 -17.175855637 5.005644321
C -11.017776489 144.692840576 -58.865470886
C -4.027817726 -14.337627411 0.706733704
C 4.171519279 -10.494323730 -2.736011028
H 0.597453713 -2.191907406 4.630353928
C -1.505956650 -6.346648693 -3.542767048
H 3.343131781 -7.727807522 7.592352390
H 5.001888752 -7.471894741 2.714027882
C -3.857376575 -12.446648598 9.262275696
H 0.862573862 -3.625003338 3.636077881
C 0.607691884 -8.456812859 3.003658772
C 1.574976206 -1.247972131 -0.388342381
