19

C 0.208084524 -0.661870480 0.741105080
C 0.015408695 -0.545945644 0.172927499
C -1.417744398 -0.116927177 0.730579138
C -0.449459612 -0.209191293 -0.337364793
H 0.169962585 -0.806725740 -0.349030375
C -0.129576087 0.591146708 -1.228846908
H -0.271302044 -0.542608738 -0.039558887
H -0.651417017 -1.146724582 0.652510524
C 0.669533670 1.697009444 -0.113074660
H 0.417179048 0.598063350 0.295834541
C -0.999521554 -0.026262850 0.689815879
C -0.252080619 -0.010688156 0.147198081
C 1.554494381 0.038980126 0.270661771
H -0.034591615 -0.032200783 0.162073493
H 0.346266925 0.261664361 -0.005619407
H 0.785430372 0.697882771 -0.650778890
C 0.748738348 -0.806598902 -0.766562462
C -0.239626944 0.381656796 0.818791151
C -0.469779611 0.639340997 -1.190659642
