19

H 0.567567110 1.268768191 -0.432444036
C 0.696254969 0.846264064 -0.341098964
C 0.729061961 0.517796516 -0.407092512
C 0.882097006 0.904579937 -0.018215299
H 0.924724579 -0.779751658 -0.808154881
C -0.619441867 -0.650040090 0.612479568
H 1.772700787 1.904258370 0.411322236
H 0.816114902 1.437078118 -0.623625576
H -1.431988955 -1.851613998 0.697042227
H -1.041158080 -1.421037436 -0.374326766
H 1.503230929 0.660040498 -0.725535929
C -0.283776343 0.251389265 -2.299665928
H -2.143247366 -0.275491357 0.563935816
C 0.723963976 0.018904075 1.068501711
C -0.781576753 -0.884952188 0.300867319
H -2.080733538 -0.792329550 0.943414807
C -0.257311612 0.287983179 0.347457439
C 0.115013272 -0.017529175 -0.161114991
H -0.091496170 -1.424316764 1.246253967
