19

C 1.094252110 -0.229353249 -3.720596552
H 4.018787384 10.525553703 -6.058209896
H 4.053129673 4.711352825 -2.621359587
C 11.995296478 4.751112461 -3.138254881
H 3.555580139 6.924110889 -0.069204032
H 1.936272621 5.645841122 0.031336129
C 9.753951073 14.209242821 -2.162209749
C -67.871948242 -123.129379272 69.459892273
C 2.892120600 14.109801292 -9.849383354
C 0.209690094 0.451706588 -5.675727367
C 7.127172947 1.300069571 -10.129829407
C 6.106414795 12.121356964 -0.981155574
C 7.716916084 7.531455517 -11.835808754
H 4.582519054 12.233862877 -7.044383049
H 5.681692123 6.707131863 -3.555794001
C -2.050722122 1.736606359 -0.066795051
C -2.665341377 8.524219513 -5.112059116
C -3.222408772 10.329278946 -0.516220748
C 5.086618423 1.546025991 3.045766115
