19

C 0.709391356 4.533238888 -1.623682261
C 0.526745081 10.389743805 -6.131580353
H 2.047706366 7.987141132 -0.001712024
C 5.116812706 2.805847168 -2.149427652
H 1.160339594 5.545486927 -4.487439156
H 4.453962326 5.621144772 -5.652777672
C 6.510690689 11.615108490 -3.318711519
C -39.445873260 -123.972633362 73.913398743
C 2.162750959 14.304273605 -8.014424324
H 0.482404709 8.826614380 0.350152791
C 3.914783239 3.328728199 -8.511644363
C -0.712313890 4.609502316 -6.258090019
C -0.610784769 5.204501629 -2.984940767
H 5.416193962 6.181897640 -0.707459629
H 3.027774572 7.454474926 -4.268519402
C -0.253496408 3.378560543 -1.586150885
C -0.597581148 7.798604488 -6.904590607
C 3.392384768 2.423231602 -3.705619097
C 2.698102236 11.964534760 -7.956784725
