19

H 0.538531244 1.299183726 -0.636021852
C 1.133461833 -0.928399920 0.570581675
C 0.602495909 0.171423495 -0.352459639
H 0.685016811 0.984594226 0.368783623
H 0.378337085 -0.573984146 -0.640019536
C -0.652863324 -0.558318734 0.360410362
H 1.708967566 1.938839793 0.610470474
H 0.687883198 1.481133819 -0.622012138
H -1.079525590 -0.898850322 0.434460163
N -0.818373799 -1.123656988 -0.215594798
C 1.026946783 0.635036945 -0.773495674
C -0.808096588 0.268624872 -2.372062922
C -1.489197373 -0.474246711 0.421696424
C 0.252850771 -0.009087116 0.515037417
C -0.702791631 -0.610064030 0.195590228
C -0.325915158 -1.001485109 0.145894513
H -0.618464351 0.435633212 0.729513645
C 0.057726592 0.064476818 -0.166156262
H -0.576989770 -1.100852847 1.425384402
