19

C 0.173281834 -0.295982242 0.830287576
C -0.050247207 -0.008860946 0.258980989
H -0.198986396 -0.249292731 -0.011099219
C -0.588658392 -0.323607206 0.198411584
H -0.018828765 -0.268803477 -0.189371705
C 0.139222607 0.581767261 -0.915480733
H -0.837289333 -0.470796943 -0.007424831
C -0.444686115 -2.258182526 0.597523093
C 0.717206061 1.606934786 0.326612711
H 0.326949775 0.203036904 0.106013656
C -1.590660572 -0.120808601 0.964142561
C -0.430569530 -0.347092152 -0.240767837
C 1.841093779 0.150421262 -0.248511195
H -0.102090031 -0.292864919 0.074448705
H 0.279500723 0.113730073 -0.110280395
C 1.033234477 0.997460604 -0.479175448
C 0.566480219 -0.399152875 -0.805547357
C -0.628679097 0.588029861 0.622153401
C -0.186273947 0.794063449 -0.970913053
