19

C 0.176429272 -0.767220140 0.561161518
C 0.665763021 -1.175781250 0.429212213
H -0.159857646 -0.104645371 0.163277999
C -0.181245878 -0.375213236 -0.146295384
H -0.283242881 0.039385974 0.014219403
C 0.354402065 0.294123173 -0.690496206
H -0.083410427 -0.216401666 0.139474854
C -0.265228987 -1.002546072 0.526886880
C 0.651954710 1.869887233 -0.011234209
H 0.094696775 0.255981237 0.009664550
C -0.749738336 -0.355544299 0.600582957
C -0.609904289 -0.464974016 -0.613956034
H 0.158851951 0.065741599 -0.105602548
H -0.012279555 0.053080201 0.176498726
C 0.187522799 0.376446486 -0.085678652
C 0.368209898 0.373782218 -0.268637955
H 0.005703405 -0.007738441 -0.115226552
C -0.151668295 0.375542253 0.767259479
C -0.166957512 0.766093969 -1.351110935
