19

H 1.021129012 0.965016365 -0.100296602
C 0.391127557 -0.112072110 0.122155532
H 0.988768339 0.638307810 0.208043829
C 0.755916595 0.707807183 0.174216092
H 0.873259068 -0.467429042 -0.698800325
C -0.117027789 -0.053781569 0.110035554
H 0.882800102 0.789114475 0.218520001
H 0.926785946 0.778909206 0.229980364
H -1.576931953 -2.574161768 0.577430606
H -0.703838229 -1.260912061 -0.535123706
C 1.059666157 0.665580869 0.024861008
C -0.616228342 -0.394134164 -1.458189368
H -1.374967337 -0.125169516 0.468312800
C 0.325054020 0.037450701 -0.554410517
H -0.352075338 -0.660116971 0.604543567
C -1.233204842 -0.671030939 0.766129613
H 0.052760154 0.506226003 0.607808471
C -0.511606812 0.791051388 0.239483610
C -0.791386962 0.439344108 -1.004700780
