19

C 0.284006476 -0.371588171 -0.524446845
C 0.361980915 -0.597438633 -0.692690492
C -0.616271257 0.368065238 0.324699044
H -0.224467278 -0.372977078 -0.621071219
H -0.939184666 4.261526585 8.136487961
C 0.139402151 -0.181743622 -0.781533122
C -0.835378408 -0.860123932 -0.912943721
C -0.054596901 -1.187686682 -0.309165597
C 1.216830730 0.790144444 -0.250505567
H 0.066964149 -0.081769943 -0.544624209
C -0.717522144 -0.070469975 0.467530966
C -0.417930365 -0.481312573 -0.362307191
H 0.195533991 -0.119619966 -0.238166451
H -0.282760143 -0.342544138 -0.573123813
H -1.376261234 -0.384558618 -0.493253589
C 1.590954661 0.341102511 -0.632567525
C 0.802217603 -0.123367429 -0.658089757
C 0.291003704 -0.396639168 -0.683028579
C 0.515479684 -0.188999057 -0.651201129
