19

C 0.858382583 0.561222076 0.245803788
C 0.995897055 -1.320886493 0.505245626
H 0.701528549 0.615784645 0.054150790
C 0.731911540 0.609134495 0.025861025
H 0.504841983 -0.071008295 -0.312504709
C -0.003749430 0.020457879 -0.617326975
H 0.858326077 0.925423980 0.178116679
H 1.021171570 1.015503168 0.334543854
H -1.316185474 -1.834244728 0.470334351
H -0.330583185 -0.525981247 -0.070045352
C -0.702150643 0.249099910 0.847984672
C -1.016340733 -0.584403276 -1.655143261
H -1.278996944 0.163540930 0.308597863
H 0.328751266 0.170100808 -0.497512758
H -0.331394494 -0.466860652 0.443239957
C -0.738272429 -0.432752699 0.444004774
H 0.063960910 0.198559999 0.060975492
C 0.274618983 0.300935090 0.064614415
C -0.621716976 0.406374812 -0.830940485
