19

C 2.464767933 -1.450342417 7.008123875
C 2.670826435 -2.137700796 7.230687141
H 3.139130116 -1.581769705 5.612390995
C 1.110217094 -0.834643662 6.019952774
H 0.997340679 -0.811532438 14.420486450
H 3.353246212 -1.550257206 5.729165077
C 2.502645969 -2.648437262 6.819192410
C -40.953762054 30.844430923 -130.214889526
C 2.163230896 -1.208612204 6.717812538
H 2.648410320 -1.306404591 7.376667976
C 2.627742290 -1.738788366 6.746142387
C 2.537744522 -1.661891222 7.229808807
C 2.407433510 -1.343613386 7.146236420
H 2.512710571 -1.533981085 7.191997051
H -1.157283783 -3.243074656 6.650229931
C 2.520051956 -1.998808622 7.396819115
H 3.252350807 -1.942044020 6.596063614
C 2.417486668 -1.464363575 6.896840572
C 2.785706997 -2.388164759 7.426279545
