19

C 0.680794597 1.208902717 -0.653284252
H -0.229460001 1.546305656 -0.851490557
C 0.661698937 0.474243104 -0.365821958
C 0.572488248 0.320697635 -0.407809496
H 0.586167634 -1.182402611 -1.426127434
C -0.604356289 -0.080916524 -0.562893987
N 1.326410055 1.278041840 0.016066790
C 1.417128563 0.943719804 -0.133868605
N -1.792077065 -2.088190079 0.386127949
N -0.497394979 -1.008503199 -0.407836318
H 1.506573439 0.314840496 -1.005829930
H 0.736801982 0.992099762 0.749547362
C -2.185592651 -0.472100973 0.590177894
C 1.073479891 -0.352933407 1.372390389
C 0.257919550 0.279364347 0.165104568
H -2.682678223 -0.998676419 0.709686816
C -0.521315038 -0.036067545 0.726663888
C 0.190556109 -0.131532788 -0.068439007
H -0.497145742 -1.006891847 1.167635798
