19

C 0.091652989 -0.659862995 1.330929518
C 0.140240759 -0.482911587 0.470734477
H -0.291227400 -0.180881500 0.015843034
H -0.540976405 -0.370465994 -0.188056827
H -0.043226361 -0.227664232 -0.175440192
C 0.079068363 0.494811058 -0.987974048
H -0.423610032 -0.411338925 -0.098338246
C -0.768627286 -2.418355703 0.448496938
C 0.929462075 2.259080410 0.183897972
H 0.451306939 0.609130919 0.499274135
C -1.741209984 -0.050835848 0.872205615
C -0.796201825 -0.555254817 -0.339421630
C 1.809363484 0.325096190 -0.411249995
H -0.115646183 -0.216223359 0.002478242
H 0.126341403 -0.008739352 -0.219464898
C 1.169452071 1.325566173 -0.972586036
C 0.865289330 -0.549493313 -0.794428945
C -0.798178375 0.577668428 0.771852136
C -0.143272758 0.540673375 -0.408754230
