19

C -4.252764225 0.048717976 5.113202095
H -5.738727093 9.255009651 4.797815323
C 99.585952759 -33.304851532 -95.204162598
H -4.658488274 0.348262310 5.372240067
C 67.745819092 15.831681252 100.059944153
C -4.534520149 -0.135625839 7.780502319
C -4.810946941 -0.046023846 5.704531670
C -3.506979942 -1.502126694 3.519794464
H -4.536917686 -2.045669079 4.883244514
C -4.219807148 -0.195865631 5.494027138
H -4.751929760 -0.089894295 5.288321495
C -93.415115356 13.704409599 -90.214363098
C -4.701294422 -0.147770405 5.202107430
C -4.785550594 -0.070917130 5.582942963
H -4.662239552 -1.553397179 5.107623100
C -4.953189373 0.308084488 5.667851448
C -4.276701450 -0.286925793 4.511224747
C -4.770524025 -0.077066898 5.617693901
C -4.756078243 -0.040042877 5.715450287
