19

C -0.109288454 8.129922867 -7.081717968
H 4.015734673 10.243824005 -12.463474274
C 8.907923698 8.607358932 -8.996061325
C -2.227229834 3.570485592 -5.838731289
C 3.946118593 3.335814953 -5.416469097
C 2.327300310 3.611895561 -10.082357407
C 2.409155607 7.566100597 -14.603397369
C 1.085158587 7.996994495 -9.140710831
C -112.461364746 -118.207656860 -4.751939297
C 1.639173508 7.592686176 -2.897568226
H 4.614908218 4.856086254 -12.841019630
C 3.129868269 7.514129162 -8.762485504
H 3.588783503 6.705540180 -8.779754639
C 53.902259827 7.169217587 143.581893921
C 3.566351175 9.182128906 -2.574453831
C 11.262834549 0.653994560 -3.935125828
C -0.407324076 6.734108448 -12.104383469
C 7.068567276 10.626728058 -8.505657196
C 3.741060972 4.110639095 -4.806611538
