19

C -0.525757730 -0.167254925 0.032673150
H -0.325714082 0.029846787 0.100180447
C -0.390332669 0.060271561 -0.035924733
H -0.260698080 0.211177707 0.131806433
H -0.284150213 0.096982777 0.026623428
C -0.349477768 -0.180068552 -0.016944587
C -0.193342000 -0.203059435 0.022286892
C 0.997155786 0.193381310 0.100438952
C -0.558352709 -0.360737205 0.067156583
C -0.381087452 0.018115282 0.027439773
C -0.740674853 -0.412559867 0.296726286
H -0.551265776 -1.429906011 1.884720802
H -0.277520567 -0.058842897 0.164800406
C -0.179611772 -0.042122245 0.175729930
C -0.291941375 0.717498660 0.575686872
C -0.282077521 -0.321662545 0.266903877
H 3.756514311 2.304298878 -3.286674738
H 0.163058847 -0.657625794 -0.907720268
C 0.675275445 0.202266097 0.374090135
