19

C -1.686101198 4.175577641 -2.670914888
H -1.874824762 3.917924881 -3.806266069
H -2.016872644 3.067026138 -2.747214556
C -1.057543159 5.259156227 -3.686905861
C -2.390843153 4.909168243 0.248616129
C -1.996166945 3.740845680 -3.742034912
C -1.646522164 3.541144848 -3.102314472
H -2.043652058 3.760645866 -3.652214527
C 7.463554382 -82.054100037 45.623401642
C -2.070833445 3.871127605 -3.905648947
H -1.914988756 3.673291206 -3.758668900
C -3.219776869 17.766983032 -14.267639160
H -1.330536962 1.708112240 -4.813486099
C 36.499324799 4.200351238 37.441967010
C -10.954749107 2.334188461 -17.932348251
C -3.631214857 4.467669487 -4.894718170
H -2.117017031 3.864379883 -3.507754326
H -2.046094656 3.964473724 -3.077597618
C -1.965139389 3.832028389 -3.748261452
