19

C 0.049314201 -0.562688708 0.960375488
C 0.079697251 -0.284829974 0.239902377
H -0.648799539 -0.102397084 0.472990870
C -0.811740756 -0.297051191 -0.233774304
H 0.403674006 -0.730905652 -0.552168965
H -0.176293254 0.362686038 -0.484123349
H -0.717313588 -0.307289600 0.224315763
H -0.888364255 -1.294179082 1.136222124
C 0.673038244 2.134700060 0.011348605
H 0.146219641 -0.020905614 -0.000933528
C -1.200666547 -0.119384170 0.712413073
C -0.563993812 -0.174810767 -0.122846246
C 1.832309842 0.089126468 -0.201162219
H -0.113966465 -0.107203126 0.366747141
C 0.736750484 0.317379832 0.230040908
C 1.067009449 1.061810374 -1.469930053
C 0.760027528 -1.030117154 -1.038841367
C -0.281730235 0.481099486 0.604720831
H -0.345172584 0.584958553 -0.855297923
