19

C 1.065869808 -1.448361993 0.388180971
C 2.030895710 -2.057468414 1.551215410
H 3.318337917 -0.581408143 0.001580000
C 2.324660778 -1.960439086 1.256149530
H -21.743246078 -10.049572945 114.845779419
H 2.326250076 -0.670697093 -0.101986170
C 1.923635006 -2.181074142 0.460238457
C -16.552289963 39.446701050 -129.189117432
C 2.245306015 -2.018111706 1.180743694
H 1.629716396 -1.257316470 1.220138788
C 2.129237175 -2.143659592 1.326277733
C 2.177591324 -2.078731537 1.496826410
C 2.310393333 -2.027217388 1.215520024
H 1.821821690 -1.460239053 0.530321836
H 4.363815308 -2.378809452 -0.412760258
C 2.386296749 -1.717195868 1.041962147
H 1.985176563 -1.292841792 0.705939293
C 2.162331104 -2.078421116 1.250450134
C 2.094198704 -2.045135975 1.232544422
