19

C -0.859504938 0.806902885 0.357767284
H -0.433451772 0.160747051 -0.440332949
C 0.844184399 -0.421913862 1.421322346
C 0.201408982 0.203575134 0.369004309
C 0.590340137 0.760754108 -0.342020512
H 0.308492899 -0.552124739 -0.178659618
C -0.214315653 0.079703331 0.038200438
C 0.957004070 0.077455044 -0.367956370
C 0.352670431 0.342090607 0.748572290
C -0.237736821 -0.232035398 0.107426107
H -0.230282545 -1.084590912 -2.177525282
C -0.273707747 -0.075456142 0.179753125
H -0.384379864 0.264822006 -0.632752836
C 0.089458346 0.382522106 0.350848615
H -0.096936107 -0.220800400 0.104417861
C 1.049571037 -0.603103161 0.755794466
C -1.744573474 -0.423431396 -0.195520520
H -0.275025368 0.693350792 -0.688520014
C 0.356782913 -0.158470154 0.590180218
