19

C 0.041552544 0.556749463 0.739653587
C -0.099160910 1.379235029 -0.889253378
C -1.359975815 0.101784825 2.521510839
H 0.047179222 0.302477121 0.447854280
H 1.401931286 -3.138850927 -5.873803139
C 0.162304640 0.229429722 -1.087290049
C -2.189569473 -1.308753490 -0.799201250
C -0.498588800 -1.473880291 -0.490481138
C 2.643731356 0.054306149 1.406692982
H 0.153317928 -0.955843925 0.414760590
C -1.676834106 0.358403444 1.360530972
C -0.302532911 -0.496322870 0.104984522
H -0.215791225 2.013400078 -0.613574266
H -0.344943762 0.571422815 0.200616121
H -2.535410881 -1.202690840 0.167106152
C 3.287695646 0.190039873 0.269140959
C 1.235268354 1.620451450 0.712452650
C -0.484884262 0.720752597 1.370674014
C 0.734709740 0.477892995 0.037626266
