19

C -0.093496740 -0.503630877 0.365419894
C 0.030695915 -0.669516563 0.159341395
H 0.060088992 -0.171497762 0.192700773
C -0.229963183 -0.279565990 0.042832166
H -0.021182060 -0.117229581 0.195329756
C 0.032199740 0.325145602 -0.540816784
H -0.087956548 -0.306034803 0.155935705
H -0.437963009 -0.887663364 0.474192351
C 0.098311663 1.480611563 -0.251422316
H 0.220847845 0.290338814 0.041751087
C -1.089368820 -0.330322564 0.624356151
C -0.560979962 -0.255781651 -0.083376974
C 1.040129304 -0.044394314 -0.337495536
H -0.083517313 0.016058981 0.482066840
C 0.219963670 0.266877353 0.024567097
C 0.923515916 0.945576549 -0.799223065
C 0.473110795 -0.475893378 -0.221099526
C -0.369534671 0.208694577 0.548667908
C -0.124900520 0.508227229 -1.073727608
