19

C 0.726656973 1.858293056 -0.815403402
H -0.318636119 1.929296017 -0.722154021
C 1.348899364 0.448799551 -0.800297081
C 1.480734944 1.296840906 0.423158914
H 0.905699849 -1.563383102 -1.486569643
C -0.602904201 -0.889426529 1.343700051
H 2.456423759 1.774135828 0.593694508
H 1.198576331 2.608967543 -1.427781582
H -1.849593043 -2.668650150 0.613931596
O -0.499347806 -1.200821161 -0.088602982
H 2.296813965 0.307707131 -1.294000745
H 1.071471334 1.020983696 1.346090317
H -2.821087599 -0.108439028 0.711613297
H -0.261676252 -0.383126646 -1.931929588
C -1.654343009 -1.550497055 0.519603670
N -2.915231705 -1.021146297 0.512830615
H -0.828455448 0.187496752 1.498143077
C 0.344853759 -0.713971674 -1.102828979
H -0.078854978 -1.333058834 2.106801748
