19

C 0.735660434 1.854943514 -0.802657008
H -0.324264199 1.934892774 -0.714416444
C 1.339203119 0.414371878 -0.792434096
C 1.497232199 1.321480274 0.433887631
H 0.917389274 -1.570300698 -1.475130558
C -0.582844853 -0.858179092 1.328489304
H 2.453593493 1.779771686 0.592367768
H 1.186301947 2.592953920 -1.426781416
H -1.811595559 -2.637456417 0.633324564
N -0.483814240 -1.218648791 -0.079251178
H 2.270654917 0.277615279 -1.313314557
H 1.038226604 1.030264616 1.341127753
H -2.806437016 -0.080082916 0.714467168
H -0.288166106 -0.384772420 -1.943108678
C -1.659710884 -1.574608684 0.526918590
O -2.930485964 -1.000701547 0.473390162
H -0.825937688 0.186802447 1.509032607
C 0.345895678 -0.726278901 -1.115981698
H -0.070901409 -1.342066050 2.110069990
