19

C -0.090794139 -0.970372558 0.775918961
C 0.317661017 -0.669669628 0.309276909
H -0.473381191 -0.238250479 0.213364750
C -0.240516275 -0.500995874 -0.349029690
H -0.490124136 0.326540232 0.595172048
C 0.394230455 0.343314290 -1.009817123
H -0.444920450 -0.344345331 0.227950424
C -0.541047096 -1.305844069 0.548113644
C 0.850011528 2.001241684 0.057819702
H 0.276982963 0.467518032 0.079024769
C -1.461797118 -0.475283146 0.731694102
C -0.728102624 -0.398061931 -0.577559114
C 1.540220022 -0.292030096 -0.418985188
H -0.110420704 0.034009412 0.293421715
H 0.141165078 0.155212477 -0.105982058
C 1.320205927 0.852323949 -0.517150760
H -0.006920688 -0.174044684 -0.197342396
C -0.068390854 0.414005458 0.735183954
C -0.184061319 0.774731994 -1.391074300
