19

C -5.993307114 -2.274591923 -3.060872793
C -3.494631052 -16.629894257 -3.713394165
H 3.418102980 -11.410093307 -2.955896378
C 0.185036659 -7.162622929 5.419103146
H -2.286075830 -0.846312046 -1.054694176
C 2.524276495 -8.944097519 2.745387077
C -1.835129261 -4.557086468 -2.351285696
C 5.753750801 -6.625233173 -4.807915688
C 31.399324417 148.302688599 34.697711945
C -3.996574163 -10.008449554 -7.062490940
C -8.306149483 -9.982820511 -6.002663612
H 1.565774202 -7.527819157 -5.764541626
H -7.016377449 -9.149869919 -2.986095428
C -3.568496466 -8.896379471 -9.966491699
C -1.728054047 -1.443605900 1.509252548
C 2.087609053 -13.058729172 3.719393730
H -4.007955551 -13.458633423 -0.727742672
H -5.069482803 -11.240140915 1.638788700
C 0.368357182 -5.086299419 0.724445343
