19

C 0.827606022 1.695756912 -0.977013648
H -0.133311525 1.846013904 -0.799591482
C 1.076744199 0.455187917 -0.500193954
C 0.791247547 0.688056350 -0.451393932
H 0.875675261 -1.400244117 -1.475588083
C -0.667805612 -0.990941107 0.980741620
N 2.153976440 1.751258850 0.499330491
H 1.276905537 2.327631712 -1.433378458
O -1.826131225 -2.500432968 0.535801411
C -0.581836045 -1.152977705 -0.088760376
H 2.124232292 0.310103118 -1.128454447
H 1.130951166 0.973289073 1.073951244
H -2.601067066 -0.417916298 0.587525249
C 0.356816471 -0.511887968 -1.303226590
C -1.124474168 -1.053187847 0.447865337
H -2.750354528 -1.073262215 0.648386121
H -0.664887011 0.018497758 1.163860679
C 0.010192186 0.314303100 0.528990984
H -0.274479210 -1.279248714 1.691148043
