19

C 1.529761791 -4.572362423 6.060793877
C 3.989003658 -8.817676544 7.106737614
H 3.043206215 -4.827240467 3.195918560
C 1.761902571 -4.614134789 5.915327549
C 1.227674246 -4.417358398 6.319249630
C 2.024845123 -1.616505384 5.082592964
H 2.284914255 -4.841884613 7.006473064
C 2.169321775 -5.750547409 6.109862804
C -1.304422617 -6.711677551 5.915280819
C 2.681597710 -3.971240759 4.782495022
H -1.544280767 -2.243680716 5.689913750
C -30.838314056 83.228515625 -106.602020264
H 1.050008178 -6.953134537 7.712644100
C 1.641149282 -3.302341223 2.289181232
C 3.063551664 -4.884610176 9.228858948
H 3.848255157 -2.983495474 5.846492290
C 2.098087311 -4.368735313 8.924240112
H -1.191816330 -3.108193159 2.879450321
H 2.465556383 -5.243696213 6.536504269
