19

C -1.700364351 0.039459944 -0.407296896
C -1.662436247 0.222528577 -0.221661925
C -1.692799330 0.197591662 -0.324374676
C -1.961177588 -0.063018799 -0.130804777
C 28.341499329 -10.176725388 8.388377190
H -3.323374033 0.927214503 0.003977418
C -1.668244123 0.155604005 -0.231447816
H -0.402655125 -0.276751280 -0.573946595
H -1.822467089 0.032673359 -0.236729503
H 2.395097971 7.807032108 -4.739559174
H -1.761100531 0.031434178 0.084854960
C -1.773078680 0.006738782 -0.307272792
C -1.654157877 0.229234934 -0.290284753
C -1.694019079 0.306659102 -0.128157020
C -1.879225492 0.036467195 -0.256380916
C -1.757702589 0.009503484 -0.234337211
C -1.719592333 0.055346608 -0.234128594
H -2.708662271 0.435688972 0.049700141
H -1.555539846 0.023318529 -0.210525036
