19

H 0.084330797 -1.538506985 -0.216016889
H -1.323344469 0.896187305 -1.013424397
C -2.114292145 -0.030575097 0.308866411
H -1.609786272 -1.110517502 -0.297085285
C -1.406918526 0.668555975 0.749453664
C 1.619765520 -0.108187616 0.475529909
C 1.144451976 0.991631746 -0.694499969
C 0.473017693 -0.196634054 -0.003883243
H 1.504961133 -1.577216387 -1.303398013
C 1.355678320 2.087698460 1.085087419
O 1.387288570 2.660068512 -0.615641475
H -0.798831224 -0.194523096 1.643974185
H -1.957553387 -0.137595773 -0.076115847
H 1.170067191 1.271701694 -1.492894650
H -1.117295504 -0.672158480 0.117090240
C -0.075751185 -0.664556146 0.235644639
H 1.272280931 -1.540918827 0.007706583
H -0.521390915 -0.067972064 0.106309861
C 0.913323760 -0.736480951 0.983296752
