19

C 0.584707141 -0.407410920 -0.334971309
C 0.449041575 1.203002334 -0.403477490
H -0.393024415 0.167200580 0.960801363
H 0.338002354 0.311262369 0.071777642
C -0.086449534 -0.004549354 0.773041427
H 0.371072501 0.154680148 -0.205854505
C 0.320004731 0.212369487 -1.077937007
H -0.573420763 0.398418367 -0.473085284
C 0.293868631 0.031669199 -0.527844965
H -1.765260100 -2.907001257 -0.198432595
H -0.987893939 -1.359798908 -0.024760529
H 0.251158684 0.526262760 0.437530756
H -0.622404695 0.677744448 0.337224603
C -0.345296204 0.515595973 0.236883134
C 0.670709372 0.448568881 0.144114524
C 0.663025856 -0.190358669 -0.427421033
C 0.473953515 -0.235040545 0.087564200
H 0.311073571 0.364573777 0.028340921
H 0.047131419 0.092811480 0.596506417
