19

H -0.241538584 -0.912330806 -0.074551970
O -0.625608146 0.986519217 -0.916570663
H -0.622345984 -0.493468225 0.373905659
H -0.730216920 -0.617633402 -0.190727174
N -0.932413995 -0.306074440 0.448976576
C 1.108316660 0.759311497 -0.096338987
C 0.361595333 0.979103923 -1.323134899
C 2.093864679 0.391171604 0.741934001
N 0.950766385 -1.163188696 -0.775860548
C -1.622512341 -0.192002892 0.108631298
H -0.444122612 1.674664497 0.407884598
O -0.254250109 0.683723688 1.326910973
H -0.469724476 -0.350638688 0.027549330
C 0.597360313 1.590589762 -0.430027843
H -0.548801839 -0.123471081 0.510721147
C 1.441570997 -0.819103181 -0.499415278
H 0.693675399 -0.916753471 0.452967882
H -0.511036694 -0.231603205 -0.890036345
H -0.244578302 -0.938817680 0.797182560
