19

C 2.917355537 -2.696286201 3.088380337
C 2.881617546 -2.865330696 2.874339104
C 2.902792931 -2.731895447 2.918628693
C 2.821096420 -2.603104591 3.225927353
C 3.453831673 -3.015739441 3.433558941
H 4.553197861 -2.790601730 4.084351540
C 2.847463608 -2.822286129 3.095237732
H 3.795368195 -2.405389309 2.355088711
H 3.014854431 -2.805917740 2.952797890
H 2.497184753 -2.577525139 3.478241920
C 2.799580574 -2.792572975 3.398488522
C 3.004237652 -2.725899220 3.168018818
C 3.091468334 -2.560405731 3.111704350
C 3.542399883 -2.658856392 3.124614716
H 3.069110870 -2.311743736 3.707691193
C -55.625011444 48.095306396 -57.806644440
H 2.823441982 -2.668000221 3.026032448
H 2.734112740 -2.389295578 3.727772713
H 2.875891685 -2.674452782 3.035766602
