19

H -6.915898800 -1.788317680 3.022991419
H -7.045435429 -1.967545748 3.022621155
H -7.105559826 -2.054259539 3.046850920
C -4.602878094 -1.790541649 3.494228363
C -3.052865505 -1.757813454 4.147757530
H -7.040447712 -1.619808435 2.901603222
H -6.963941097 -2.193076134 2.876490116
H 121.370719910 37.264026642 -54.471267700
H -7.027839184 -2.210102081 3.020424128
H -7.199425220 -1.867368221 2.868013859
C -6.912229061 -2.226598740 2.841372490
C -7.003517628 -2.008334637 3.024601698
H -6.959179401 -2.116318703 2.856957436
C -7.740009785 -3.273224831 2.643590927
C -7.027405262 -2.240271568 3.091139078
C -7.079698086 -2.029919863 3.093448400
C -7.499082088 -2.028228045 2.921134710
H -7.175572872 -2.027296066 2.637096405
H -7.019733906 -2.065001488 2.960946560
