19

H 0.143298149 -0.283548325 0.161399662
H -0.163186431 0.033807814 -0.141261756
H -1.515718102 -0.446638465 0.152721107
H -0.107378840 -0.147739708 0.121957839
C -0.804148495 0.337261617 0.380574524
C 0.562721968 -0.256280363 0.340808094
C 0.161311030 0.094026566 -0.230793566
C 0.842851162 -0.606162608 -0.363747835
C 0.524139881 -1.298617601 -1.300468206
C 1.021334887 1.932221889 -0.148152411
H 0.331163168 1.779449940 -0.558054447
H -0.070065975 -0.023501709 0.745941818
H -0.097491741 -0.128433734 0.106414616
H 0.241681337 0.595789671 -0.462584466
C -0.904874325 -0.949343622 0.096574724
C -0.300693274 0.210175097 -0.040055096
H 0.228178740 -0.044436038 0.203820348
H -0.022492051 -0.065647721 -0.022751868
C -0.070631623 -0.732382953 0.957657397
