19

H -0.270036697 -1.111321449 0.222186744
H -1.042931914 1.428673983 -1.062460542
H -1.928932786 -0.222145766 -0.086568162
C -0.958044887 -1.579941988 -0.811393023
H -1.711384177 -0.100442857 0.106457084
C 0.654860616 -0.133690685 0.122359961
C 0.480596185 0.205763489 -0.357726127
C 1.024437070 -0.108832747 0.257602006
H 1.382838607 -1.850399256 -1.234156609
C 1.672093987 2.784436464 0.861400008
H 0.720495105 2.430737257 -0.757560372
H -0.120340943 0.252087086 1.884756088
H -1.787490487 -0.149802417 -0.169963777
C 1.655847669 1.522873878 -1.008064270
H -0.795137048 -0.315985650 0.065001339
C -0.020580649 -0.503192782 0.301701158
H 1.218729615 -1.256401777 0.823203087
H -0.817651629 -0.009228438 -0.814026237
C 0.642632008 -1.283186316 1.657251835
