19

H 0.501837075 -0.511238933 0.239041984
H 0.588833272 -0.434238255 0.385034025
C -0.422566235 -1.135808229 0.244522154
H 0.764307439 -0.378355265 0.472482026
C 0.624394238 -0.584813476 0.514118373
C 0.550038278 -0.370347381 0.272924960
C 0.704110682 -0.436132669 0.413560212
C 0.783356965 -0.430057764 0.393967092
C 0.802072704 -1.099756360 -0.813702881
C 1.470504522 1.004788160 -0.451939285
C 1.049597502 0.577184796 -0.524497509
H 0.439821780 -0.542357802 0.804136574
H 0.642697871 -0.457869232 0.499509990
H 0.427951038 -0.569828153 0.308287799
C 0.637872756 -0.916216433 0.507019341
C -11.203322411 7.489184856 -4.196335316
C 0.414679468 -0.303051472 0.287599504
H 0.368154705 -0.553772807 0.037053049
C 0.855659425 -0.347313404 0.607218802
