19

H -0.125831127 -0.276312381 -0.017455399
C -0.774087548 0.995328784 -0.937353194
N -1.195135474 -0.625790715 0.445113838
H -0.851902008 -0.623936653 -0.188815728
C -1.081332803 -0.344846934 0.145162582
C 1.421859503 0.314591229 -0.061796814
C 0.098582625 0.716474652 -1.071777105
C 1.920937896 -0.062540323 0.799578249
N 0.777900934 -1.189900279 -0.728159130
C -0.376625657 0.926321387 1.086636066
H -0.143856585 1.067770600 -0.217151031
H -0.395942926 0.008391201 0.678335488
H -0.875781894 -0.290707737 0.007166237
C 0.864926338 1.183217645 -0.333742440
C -0.281582475 0.371718526 0.445411801
C 1.110210180 -0.705229759 -0.463691533
H 0.159417808 -0.800043821 0.374040365
H -0.283287406 -0.089984268 -0.617655575
H 0.031531811 -0.574520469 0.656153440
