19

C 0.601486504 0.016513012 -0.321427763
C 1.090991259 0.402895749 0.250342757
H 0.660769641 0.234831348 0.575204670
H 1.748072147 0.691443980 0.308331460
C 0.563795269 0.244754091 0.581061304
N -0.233899862 0.136471480 -0.341757894
C 0.527600467 0.192461595 -0.372380257
H -1.744681120 0.606058538 -0.784442484
C -0.773822784 1.034695148 -0.201746404
H -2.056592941 -3.393035173 -0.129005149
H -1.305652618 -1.859722137 -0.096006453
H 0.521226943 0.373373151 0.126062319
H 0.481330931 0.403358042 0.373581320
C -0.710913658 0.092232436 0.028773244
C 0.808131158 0.439247787 0.026917018
C 0.075840771 0.173949495 -0.502972066
C -0.311812103 0.058343887 -0.233070642
H 0.428668320 -0.033340886 0.560572445
H -0.370538622 0.185468212 0.151962608
