19

H -0.152592182 -0.694071293 0.431537151
H -0.701359749 0.440287769 -0.276704431
H -1.648456335 -0.493581682 0.090420723
H -0.075591326 -0.192163020 0.254361391
C -0.235312700 -0.086579353 0.295772314
H 0.564838171 -0.253965288 0.611552715
C 0.081933022 0.049548417 -0.836875558
H 0.788435221 -0.524413228 -0.037940502
C 0.617999077 -1.764267921 -1.608729959
H 1.211550474 1.756596327 0.384424210
H 0.540601969 2.316771507 -0.455863357
H -0.145933390 0.206334442 1.253515959
H -0.015444279 -0.147483021 0.184771538
C 0.678355932 1.231158137 -1.194793463
C -1.172801733 -0.835262060 -0.298488498
C -0.590083838 0.338772744 -0.013833165
H 0.401687622 -0.352891415 0.440016747
H 0.079234600 -0.079725116 0.063029885
C -0.227061510 -0.915066600 0.713826180
