19

C 0.926289320 -0.655689716 3.132377148
C 0.823564291 -0.688492894 2.901114941
C 0.625945091 -0.950524867 3.241392136
C 0.633370638 -0.749910593 2.791074753
C 0.538776398 -0.746880293 3.121348858
H 4.129251480 1.223375082 6.005819798
C 0.734376431 -0.566935956 2.783561707
H 25.837467194 5.637084961 -20.637393951
H 0.061557531 -0.526530087 3.214599133
H 0.039265156 -1.209252596 3.152730942
C 0.735457897 -0.462354243 3.121150970
C 0.776818037 -0.858180225 3.235069752
H 0.488482237 -0.552995384 2.927032948
C -16.398181915 -19.017053604 5.881715298
H 0.690592051 -0.634884536 2.780409813
C -20.963344574 22.849781036 -34.880886078
C 0.447053909 -0.874610603 2.884191990
H -0.690257072 -0.461389333 1.575385094
C 0.563518286 -0.754557610 2.769307613
