19

H 2.207410812 0.619816184 9.884550095
C 2.102494955 0.772925615 9.142637253
C 2.090184689 0.112934977 9.109558105
C 3.357578278 1.747956395 4.502939701
C 2.385092020 0.606219888 8.955842972
H 2.159323454 0.172104150 9.234727859
H 2.597292423 0.477661341 9.278476715
H 60.522914886 22.984834671 -29.305768967
C 1.855949283 0.598006845 9.056663513
H 2.775650024 0.403485209 9.344604492
C 2.550529480 0.706070065 9.427085876
C 10.855821609 1.538658381 9.922300339
C 2.391654015 0.548347950 9.247331619
C -24.168125153 -84.798599243 -22.809553146
C 2.201373816 0.531701207 9.211854935
C -38.722389221 54.732532501 -46.513732910
C 2.130201340 0.469248801 9.168008804
H -41.594509125 -2.810219049 -36.448417664
H 2.301562071 0.586314559 9.590883255
