19

C 0.097122192 -0.992270231 0.057949185
H 0.325983942 -0.925768852 0.488684893
C -0.597811341 -0.616511345 -0.520772934
H 0.212420642 -1.076591015 0.790709257
C -0.232580543 -0.834818602 0.343634844
H 0.635919809 -0.824371099 0.958366156
C 0.480864167 -0.892898083 0.289874554
H 0.216545343 -1.235006809 0.748712778
H 0.284587592 -0.153322458 1.204119682
C 1.083336830 -1.518320799 -0.534767985
H 0.042459190 -2.145312548 -0.171585202
C 0.187870413 -0.765636206 0.624402285
H 0.416219711 -1.067412615 0.558780909
C 0.131488204 -1.138373137 0.369233370
H 0.377965331 -0.895128727 0.780141830
C -4.579023838 17.221343994 -7.713739395
H 0.152832568 -0.851457834 0.456023455
H -0.031892180 -0.634124994 1.284396410
C 0.795692086 -0.654015779 -0.014163733
