19

C 0.250599325 -0.451753616 0.338036954
H 0.266179919 -0.021905899 -0.681310356
H -0.783537328 -0.382036924 -0.410804778
H 0.005276266 -0.774526119 0.183848441
C -0.189923465 -0.243390799 0.232110083
H 0.759564042 -0.164365530 0.450276434
C 0.482846737 -0.033901215 -0.037774801
C 1.165549278 -0.223114252 0.206662238
H 0.687881410 -0.858360529 -0.761200964
H 0.534767807 0.012272120 -0.056387603
H 0.185396612 0.734019518 -0.445251882
C 0.225491345 0.097870350 1.400218964
H 0.344481170 -0.305961609 -0.063769400
C 0.723119795 0.580433011 -0.151626408
H -0.420777380 -0.504004955 -0.369839698
C -6.050282478 3.543900490 0.435427129
H 0.724303424 -0.379976034 0.212874711
H 0.373839557 -0.444191217 -0.869446695
C 0.715223849 -0.181008816 0.387957513
