19

H 0.610965610 1.551412225 1.345188856
C 0.098129630 1.779964924 1.160846233
C 0.200011969 1.970869303 1.354312420
C 0.077787519 1.481046796 1.226586819
H 0.087233067 1.618103266 1.437450886
C 0.277364731 1.848842621 1.225356579
H 0.098204970 1.809956312 0.961046696
C 0.194623947 1.637704611 1.336908340
H 0.494266987 1.798479795 1.763020039
H -4.630259037 -32.537090302 -26.843296051
H 1.039337754 1.445273042 1.862468243
H 0.099793077 1.554979324 1.334875107
H 0.468944669 1.730082393 1.696904182
C 0.475816488 2.290271759 1.420980215
H -0.837337852 0.780526400 3.018911839
C 1.013029456 3.544719219 0.920708656
C 0.185517311 1.661807060 1.229497194
H -0.100867391 2.056622267 2.135268688
C 0.147437930 1.976424694 1.412964582
