19

H -0.167044044 -1.077725053 -0.107200712
H -1.250949025 0.988397777 -1.156808138
H -2.033930302 -0.024680495 0.331391394
H -1.407732129 -0.698847890 -0.123847723
H -1.209511399 0.701749325 0.678357124
C 0.695434213 -0.012570739 0.145859063
C 0.372930169 0.108769417 0.009220421
C -0.215206385 -0.588220954 0.188458085
H 1.554271340 -1.322208524 -1.363206625
C 2.106623650 2.294475079 0.716965795
C 1.356840730 2.642336607 -0.584706247
H -0.087255239 0.172520518 1.984828234
H -1.925733924 0.136192977 -0.171219110
H 0.725376487 0.784239709 -1.181613445
H -0.809556603 -0.611634851 0.160737634
C 0.605066061 -1.798447490 0.233000398
H 1.424447060 -1.308808446 0.546175122
H -0.519672513 -0.146175265 -0.766397417
C 0.785598874 -0.239359736 0.460005939
