19

C -0.023326546 0.162846088 -0.156898618
H 0.161860138 0.338241339 -0.190803587
H 1.483371496 -0.660592794 -0.281095803
H 0.148587495 0.560812354 -0.528341234
C 0.226839572 0.161548376 -0.272424877
H -0.225002140 -0.541686773 -0.145422637
C 0.103298753 0.374685407 0.044564843
C -0.213552207 0.003791332 -0.338836014
C 1.006137133 -0.504100561 0.161653101
H -3.292590618 0.213643789 3.211803675
H 0.249927357 -0.064436913 -0.254620492
C 0.060336433 0.438009143 -0.151707828
H 0.094763607 0.173128843 -0.221831501
C 0.072160214 0.327575445 -0.013783991
C 0.138190806 0.363409519 -0.220835149
H -0.122984201 -1.686441660 -0.693110526
C 0.146622017 0.429148555 -0.195210457
H -0.098219812 -0.530281544 0.421908081
C 0.083580330 0.440701246 -0.175006986
