19

H -0.367044628 -0.718599439 -0.125667274
H -0.465063751 0.135396719 -0.429866135
H 0.258255005 0.119299054 -0.157482237
H -0.041734099 -0.114369988 -0.313999116
H -0.627748430 -0.330325007 0.031949997
C 1.337714672 0.930752516 -0.307164311
C 0.147471964 0.732038140 -1.122393847
C 1.862683296 0.208209276 1.023374319
C 0.630676031 -0.985223532 -0.668104231
C -1.833865881 -0.639366627 0.155193254
H -0.644024312 0.696193457 0.464774281
C -0.179643989 0.896763682 1.260474920
H -0.352590144 -0.329262972 -0.118490785
C 0.336869240 1.668741941 -0.168219358
N -0.456333816 0.249962032 0.668311357
H 0.067856312 -0.856037974 -0.275146842
N 0.830748439 -0.769231081 0.622324109
H -0.340908110 -0.354481816 -0.553363740
H -0.163317323 -0.540457964 0.013495803
