19

H -0.940817833 2.233842611 2.077255487
C -0.970493078 2.331559420 2.231868029
H -0.829368055 2.162315130 2.457002878
C -1.654027700 2.132809877 1.526609421
C 7.668957710 3.886296034 6.713691711
H -5.111301422 6.024607658 7.532363892
H -0.618123412 2.281596899 1.887593508
H 42.316497803 -14.168445587 -15.821587563
H -1.208192110 1.472313166 1.652091265
H 0.586045325 3.785251379 2.572983027
C -8.049317360 -2.650924921 -0.475873709
C -0.731254220 2.418512583 2.195397615
C -1.127903700 2.305907011 2.191207647
C -13.526007652 -26.934539795 -18.119176865
C -1.053615332 2.341239214 2.295186758
C -8.019110680 1.813138247 -4.052914619
C -1.820183992 2.312810659 2.083387136
H -4.036297798 3.329596281 -1.602784395
H -0.875487685 2.922116041 2.655702353
