19

H 0.235511065 -0.409607708 0.279446483
H 0.266885042 -0.226429522 0.102957129
H -0.950900078 -0.440060198 -0.136950254
H -0.423381090 -0.383431733 -0.080089748
C -0.037853241 -0.216068804 0.230759621
H 0.330061436 -0.268673956 0.023582339
C 0.278137445 -0.027701437 -0.754257441
H 0.546397209 -0.214117944 0.333635926
C 0.423580170 -1.204652786 -1.062316418
H 1.494036198 1.327427626 0.431293011
H 0.923350573 1.716144085 -0.717435956
C -0.149641991 0.097839713 1.427903652
H 0.240425825 -0.250670135 0.139531791
C 0.632356644 0.855615914 -0.595026612
C -0.899352789 -0.824708164 0.023673832
C -3.560181618 1.721069098 -0.163682938
H 0.350205898 -0.339772642 0.110614717
H 0.256976843 -0.282512009 0.049382687
C 0.043386936 -0.629689634 0.356978774
