19

H -5.283498764 1.421262741 1.185458899
C -4.819818020 1.831771493 0.400635183
C -5.066920280 1.643812537 0.790035427
C -5.007150173 1.553392887 0.915563285
C -4.395211697 0.555912018 1.331266880
C -4.976799965 1.934837818 1.100487709
H -5.166336060 1.387438297 1.040290833
C -4.780339241 1.962545514 0.799688756
C -4.461243153 2.024400234 0.228230417
H 93.753013611 -32.450473785 -14.969610214
H -5.287814140 1.746253252 1.010821581
H -5.284847736 1.603209496 1.153574228
H -5.048754692 1.765951514 0.948744118
C -5.031605244 1.791598797 0.687273204
C -5.132866383 1.623245955 0.630988657
C -8.214175224 4.709905624 -0.411856472
C -5.188656330 1.752466679 0.720693529
H -5.526788712 1.414453506 1.505432606
H -5.080188274 1.728012323 0.932281315
