19

H 0.101620317 -1.077007771 -0.096945584
C -0.977418661 1.316371202 -1.254453897
C -2.129670143 -0.877970576 0.319327056
C -0.783025026 -1.686767220 -0.834202230
C -1.654471874 -0.314746559 -0.214586407
C 0.470829725 -0.090906709 0.106622696
C 0.310605288 0.434161514 -0.816693485
C 1.973551869 -0.281929255 1.000417471
H -0.164257526 0.045193046 0.435750067
C 1.742179394 2.655838490 0.749295056
H 0.578389168 1.170265675 -0.327498227
H -0.738782167 -0.159522772 1.261662722
H -1.494065046 -0.335342228 -0.004477084
C 1.340001464 1.260213017 -0.556478858
H -0.031701565 -0.242514938 -0.112873077
C -0.204219580 0.178695440 0.351140380
H 1.133528590 -0.919642210 0.461421311
H -0.106029272 -0.003909007 -1.975492954
C 0.632935703 -1.070479512 1.508064985
