19

H -0.461127818 -0.900037587 -0.152892843
C -0.853333652 1.162312388 -1.048132658
C -1.624099970 -0.548736334 0.358980954
C -1.275805950 -1.168231964 -0.334446609
N -1.394824266 -0.258441269 -0.086650960
C 1.493170977 -0.014894933 0.055913880
C -0.051119328 0.820008159 -1.243863583
C 2.048588991 -0.311905533 1.315976024
H 1.189661503 -1.733995438 -1.040808797
C 1.263279915 2.198033571 0.716577291
H 0.376418829 1.666336060 0.031769365
H -0.696756542 -0.035068542 0.543857038
H -1.094592810 -0.247339070 0.044545531
H 1.034653306 1.303554296 -0.432781428
H -0.546904385 -0.108328342 0.339873254
C 0.707825482 -0.282146096 -0.202586696
H -0.197440565 -0.362595737 0.323956013
H -0.442645252 0.018926021 -1.163318872
C 0.525051475 -1.197449565 1.974033117
