19

H 0.221287608 -0.258921027 0.092662811
H -0.266472280 0.169786930 -0.138809323
H -1.948600531 -0.537395000 0.318697453
H 0.055693865 -0.220606446 0.172789454
C -0.562132895 0.213577926 0.223546028
C 0.500092924 -0.297662050 0.034566522
C 0.300758064 0.191157520 -0.085250437
C 0.653836548 -0.438191175 -0.374528706
C 0.647841990 -1.172638059 -1.329326153
C 1.137807608 1.879084229 -0.680218220
H 0.483996451 1.811836123 -0.798475385
H -0.206998706 0.150937676 1.214771509
H 0.053666413 -0.095658183 0.154460192
H 0.336376250 0.105302989 -0.126102686
C -0.656631708 -0.950637221 0.158306122
C -1.347856760 0.695886016 -0.496586800
C 0.463889182 -0.916677475 0.525530696
H 0.154392779 0.050970316 0.299978137
C -0.020948231 -0.380152822 0.833987832
