19

N 0.289623171 1.084997773 0.489903271
H 1.533398151 -1.009975314 1.421675563
H 2.813007116 1.209671497 -1.119983435
H 2.808778524 1.386888385 0.622352302
C 2.566561937 0.698895931 -0.206040978
N -1.679525137 -0.209196985 -0.079262450
C 0.714191616 -0.193188310 1.157951355
H -2.759696722 1.168807387 -1.333979845
H -1.634682417 1.812731504 0.846920729
H -2.283405066 -3.784849167 0.142240316
N -1.992913604 -2.722227335 0.123653777
H 0.868285596 -0.306402564 -1.023487210
H 3.257783413 -0.142713964 -0.133522257
C -1.764186859 -1.492088675 0.030244915
C 1.167169213 0.226506889 -0.125754565
C -1.166323781 1.027179480 0.253530085
C -1.769413590 0.771050155 -1.055238366
H 0.092431895 -0.294172436 1.895079851
H -1.061083436 0.768086493 -1.906283379
