19

H 0.174080968 -0.472712994 2.667919397
C -0.296065092 -0.589472890 2.655640841
C 0.012532115 -0.772098422 2.875602484
C -0.002271295 -1.017102242 2.901733160
C 18.524713516 -8.871409416 6.948932648
H -0.316968203 -1.157033920 2.654365778
H 0.219347000 -0.815610468 2.591874838
H 10.459097862 45.052474976 -42.510467529
C -0.213031292 -0.863432765 2.903128862
H 18.629076004 9.865992546 -2.629586935
C -0.095115900 -1.018020749 2.899770975
C 3.008268595 0.694793820 2.055881739
H -0.998854160 -1.334183216 3.233753920
C -45.067462921 -35.058105469 -2.835243464
C 0.081430674 -0.789288342 2.682981253
C -0.610255599 -0.122571588 2.232661963
C -0.184267640 -0.738786459 2.680266142
H -2.555627108 -1.542366385 3.242592096
H -0.768628716 -0.451067805 2.748196363
