19

H -5.042721272 -5.447759151 0.764545321
C -4.793095589 -5.472060680 0.572780490
C -4.823134422 -5.372129917 0.925303698
C -5.203385353 -5.386135101 0.918870211
C 7.357468128 -15.666481018 -3.898411989
H -4.815552235 -5.449725151 0.963396192
C -4.786007404 -5.304859161 1.001731277
H -4.641036987 -5.560490131 1.255040884
H -4.364420414 -4.918257713 0.686139822
H 75.610984802 108.130401611 -14.012288094
H -4.748762131 -5.462188244 1.753724098
H -4.977843761 -5.469396114 0.946102262
C -5.064654350 -5.342933655 1.025876760
C -4.929503441 -5.353129387 0.910202384
C -5.065874577 -5.279443741 0.990366697
C -5.057683468 -5.422455311 0.937853813
C -4.540911198 -5.513086796 1.142722249
H -5.255223751 -5.942693233 2.244627237
H -4.858637333 -5.767177105 0.871418238
