19

H -0.247175843 -0.685686350 -0.194477975
N -0.669645667 0.790308297 -0.644350052
H -0.535106659 -0.681795716 0.034267098
H -0.341555864 -0.611445904 -0.296282172
C -0.792519808 -0.407312274 0.407375097
C 1.285832286 0.557751656 -0.245037794
C -0.021981806 0.726014793 -1.034424067
C 1.660551190 0.008870184 1.088264465
C 0.666762471 -1.224182963 -0.745958447
C -0.676650047 0.524365783 -0.336401880
H -0.070522398 0.744172454 -0.006934285
C -0.270894319 0.912636459 1.324209809
H -0.230153829 -0.232914090 -0.055276304
C 0.266223550 1.322906137 -0.134116113
C -0.553433537 0.396327347 0.863549173
H 0.013554662 -0.779672146 -0.267384171
C 1.030651808 -0.716691613 0.899815083
H -0.355425686 -0.300721049 -0.586825013
H -0.158510655 -0.342931747 -0.070012033
