19

H 0.072314739 -0.498041272 0.273091853
H 0.185583353 -0.239885211 0.035066903
H -0.929734051 -0.400986552 -0.251096606
H -0.686510921 -0.314077735 -0.141872346
C -0.112835407 -0.100818515 0.143123358
H 0.376471519 -0.306344390 0.194756985
C 0.409401655 -0.102825999 -0.867096126
C 1.044810534 -0.316373944 0.149854451
C 0.689867616 -1.465360284 -0.902686238
H 0.842033386 1.407347083 -0.041221023
H 0.417388439 1.615954638 -0.690638125
C -0.147906899 0.122934222 1.654356718
H 0.204919338 -0.054059863 0.064471960
C 0.797999859 1.151418209 -0.341175675
H -0.711620688 -0.714982271 0.125731587
C -3.096563339 1.686423898 -0.152335167
H 0.303511858 -0.374724030 0.308077514
H 0.219043136 -0.449915767 -0.046076626
C 0.121828318 -0.645682693 0.485666752
