19

H 0.214168742 -0.239098549 0.124044538
H 0.211553320 -0.204639077 0.229560256
H -0.996200919 -0.642728746 0.349706411
H 0.276071489 -0.201034099 0.215285659
C 0.171119973 -0.306104422 0.471300006
C 0.253244877 -0.217151076 0.221669316
C 0.306060851 -0.090897404 0.189532995
C 0.404335022 -0.327020854 -0.065122008
C 0.917497993 -1.093644261 -1.052850962
C 1.349836469 1.378790855 -0.132385314
C 0.720356762 1.355553746 -0.494645715
H 0.235321447 -0.223170191 0.568401456
H 0.172347352 -0.286623925 0.163037181
H 0.370246887 -0.130588442 0.189111114
C 0.132416055 -0.589667201 0.293638110
C -5.005315781 2.499651909 -2.388206005
C 0.050327167 -0.182851583 0.183056235
H 0.253183246 -0.188733578 0.463911653
C -0.036570564 -0.310043365 0.470955253
