19

H -0.140027285 -1.114689946 0.067227542
C -1.092482090 1.336325645 -1.335056782
H -2.100220203 -0.756789744 0.198724210
C -0.596070766 -1.505419016 -0.844663203
H -1.793574810 -0.262007564 -0.131395042
C 1.191585779 -0.094220549 0.046178401
C 0.346165538 0.267386049 -0.692984998
C 1.385649204 -0.255851239 0.684364855
H -0.222798586 0.040420882 0.456865728
C 1.613203883 2.512413740 0.802244961
H 0.705748796 1.929521441 -0.406922638
H -0.794788122 -0.193944573 1.361841679
H -1.307661057 -0.502223432 0.104344130
C 1.193415642 1.381824613 -0.672036767
H -0.164647818 -0.187262625 -0.101204753
C 0.896288395 -0.596393347 0.731654823
H 0.829897761 -0.745373487 0.386489809
H -0.502368808 -0.033043750 -2.016976118
C 0.552684009 -1.220673442 1.361303568
