19

C 0.715039253 -0.698094487 0.316171169
H 0.744321823 -0.207502246 -0.387434483
H 0.800343633 -0.730489135 0.378853321
H 0.344376564 -1.005638719 -0.015793085
C 0.916804314 -0.738769889 0.219590187
H 0.652941585 -0.706726432 -0.070554376
C 1.057596564 -0.350993633 -0.041230917
C 1.464127421 -0.394014835 0.011994958
H 0.938074112 -0.891961217 -0.130389810
H 1.004048347 -0.117025495 -0.080771208
H 0.478094339 0.621993899 -0.700079322
C 0.721799731 -0.384575725 1.079313040
H 0.823530674 -0.209026933 0.226781607
C 1.076595783 -0.199357033 -0.095035672
H 0.127739191 -0.876453042 -0.302779019
C -15.067570686 8.773384094 -0.586588502
C 1.282840133 -0.652858377 0.469481826
H 0.760029554 -0.729874015 -0.863180876
C 1.159266233 -0.502018213 0.571650505
