19

N 0.278576910 1.093251586 0.506440759
H 1.507495165 -0.989780903 1.411520243
H 2.776136875 1.227121711 -1.130375147
H 2.801186085 1.386070728 0.599887311
C 2.583088398 0.690418243 -0.206850201
N -1.686956525 -0.222253516 -0.080488913
C 0.752160192 -0.204251602 1.154927611
H -2.731387854 1.177974463 -1.338567257
H -1.636612058 1.788142800 0.876424670
H -2.209588528 -3.743350983 0.164360940
C -1.997862816 -2.704202890 0.110588096
H 0.854527593 -0.326220155 -1.020581961
H 3.258145094 -0.154899150 -0.147789046
C -1.798825979 -1.512931705 0.038227327
C 1.169824004 0.226198867 -0.151055917
C -1.177870870 1.034586072 0.276009202
C -1.759244084 0.780172646 -1.081148148
H 0.075441383 -0.294813275 1.910428524
H -1.058233380 0.748767197 -1.891957760
