19

C 0.081393450 -0.431906223 0.332180262
H 0.147793829 -0.380923748 0.706268549
C -0.680442810 -0.680994511 0.399553299
H -0.154815763 -0.470712662 0.699782610
C -0.501907468 -0.069735408 0.605642319
H 0.432257801 -0.274760723 0.892668962
C 0.219096839 -0.469464302 0.465173721
H -0.057207912 -0.629575253 0.789514542
H 0.581139922 -1.645872593 0.110166550
C 0.648471832 -0.666721821 0.321071386
C 0.074531466 -0.716319799 -0.052838802
C 0.099825919 -0.104552984 1.118034363
H -0.082686722 0.339308381 1.488164902
C 0.328079015 -0.446709871 0.333977222
H 0.253427893 -0.397452593 0.829507113
C -2.375247002 8.504547119 -10.619430542
C 0.467831224 -0.393364429 0.463968754
H 0.198863894 -0.657620907 0.211900711
C 0.319593817 -0.407166719 0.904693127
