19

N 0.592743635 0.675646901 0.069785818
C 1.525618911 -0.459601015 0.985951841
H 1.778477073 0.614102244 -0.141859800
H 2.572840214 1.029550672 0.517266989
C 1.641792893 0.423852533 0.186612502
H -1.293204665 -0.052147090 -0.074732669
C 0.593672872 0.251139015 -0.189039111
H -2.613421440 0.953727543 -1.149126530
H -1.406294823 1.645795822 0.573187888
H -2.382568121 -3.845517635 0.165180013
H -1.775516152 -2.528354168 0.046710260
H 0.932005644 0.022283457 -0.531018138
H 2.535051107 0.065894328 0.185688958
C -1.370282054 -1.313147426 0.018988954
C 1.170148253 0.348189294 0.000662729
C -0.780213594 0.792603552 -0.001317637
C -1.172696710 0.720404029 -0.556964934
H 0.366747707 -0.162246972 1.327410817
H -0.914901018 0.817825258 -1.433388114
