19

H 0.284566939 -0.584981799 0.320241332
H 0.418339074 -0.337026238 0.010943651
H -0.796435416 -0.469277501 -0.392144054
H 0.237745821 -0.878943086 0.138894439
C 0.729150832 -0.556349397 -0.082501173
H 0.765739262 -0.345418811 0.397154570
C 0.582306802 -0.143110752 -0.134419799
H 0.858530343 -0.309728265 0.144970834
C 1.024104834 -1.190515637 -0.758847594
H 0.861816943 0.463451385 -0.067350090
H 0.544043124 1.344402552 -0.403358459
H 0.299153745 -0.390332341 0.422743678
H 0.571427405 0.168693900 -0.036856711
C 0.961268246 0.664525390 -0.140760481
C -0.311698616 -0.977430940 -0.103066206
C -9.140819550 5.214950085 -0.180634767
C 0.941495478 -0.658509135 0.683981776
H 0.556876242 -0.567862153 -0.126051128
C 0.612388194 -0.446535707 0.307059526
