19

C 1.356862903 -1.260370612 0.112403154
H 1.167949796 -1.071452975 -0.378162205
H 1.762669444 -0.996844172 -0.324030340
H 0.554166436 -1.297229409 0.204896748
C 0.090159774 -1.122801185 0.235610545
H 1.346030354 -1.202862382 0.488737643
C 1.349272132 -1.418848872 0.069847465
H 1.118798137 -1.319794536 0.414017856
H 1.186765075 -1.503538966 0.009591758
C 0.428203940 -2.086785316 0.051126301
C 0.634409308 -1.931672454 0.251426935
C 1.339491010 -1.135815740 0.158152163
H 1.412391067 -0.825515866 0.785375297
C 1.474077582 -1.390571952 -0.200466514
H 0.858386874 -1.557732701 -0.157451332
C -20.019668579 23.336967468 -1.405672073
H 1.161130071 -1.015973449 0.005151093
H 1.277706504 -1.317283273 0.202085137
H 1.501197696 -0.881872296 -0.522639632
