19

N 0.096828684 -0.735232472 -0.049258333
C -0.479751348 0.858964384 -0.602592468
H -0.447315872 0.017722234 0.250618339
H -0.234772101 -0.004409611 -0.265152574
C -0.670066595 -0.275534451 0.225203767
C 0.937695563 0.041201189 -0.266203344
C 0.096768722 0.206550479 -0.945801795
C 0.856168926 -0.428460181 0.598597348
C 0.379408598 -0.802189648 -0.505131781
C -0.884633005 0.518766701 -0.104945689
H 0.074493334 0.402462065 0.212223902
H -0.232138321 0.320901424 0.613842070
H -0.526930630 0.012769401 0.044420168
C 0.165354878 1.077147961 0.470384836
C -0.230951741 0.179472581 0.439649463
C 0.573781908 -0.697464585 -0.135078028
C 0.559096754 -0.682825744 0.586644948
H -0.139857009 0.092538044 -0.626559734
H 0.106818840 -0.102379367 0.059138842
