19

H -5.610014915 -3.649521828 4.373974800
C -5.415184021 -3.653454304 5.233184814
C -5.702311516 -3.783374071 4.355881691
C -5.674220085 -3.774642944 4.724489212
C -1.130000353 -6.797220707 4.937521935
H -5.023967743 -1.303934336 7.182187080
H -5.536775589 -3.774625301 4.612335205
H 121.520446777 91.100395203 -69.485710144
C -5.606722832 -3.665374279 4.487408638
H -5.249788284 -1.728738785 4.931556702
C -5.450002670 -3.845863819 4.483067513
C -4.831856728 -3.069328308 4.413430214
H -5.757733345 -4.006485462 4.305110931
C -29.123893738 -31.600774765 -5.070519447
C -5.408080101 -3.734040260 4.636805534
C -7.251497269 -1.701556921 -0.194956541
H -5.505165100 -3.830445766 4.379347801
H -7.568022728 -3.489060402 3.331511259
H -5.675205231 -3.691954136 4.363377571
