19

C 0.852472603 -2.329699278 0.353405893
H 0.662613571 -1.987323999 -0.356399357
C 0.331272304 -2.408852339 0.201633155
H 0.117223784 -2.117961645 0.517855346
C 0.621786535 -2.608526468 0.727949798
H 1.106481433 -2.106167078 0.883005798
C 1.258963346 -2.420363665 0.569367468
H 1.582493186 -1.994849920 0.258915007
C 1.376748204 -2.116001844 0.518601716
C 1.779708624 -2.405789137 0.593835175
H 0.718057334 -2.745787382 0.642499626
C 1.174005151 -2.080936670 1.224256516
H 0.771520019 -1.639421225 1.603398800
C 1.132871509 -2.578838110 0.593604028
H 0.383831680 -2.623043776 0.085906446
C -17.259386063 40.927654266 -9.175575256
H 1.180996656 -2.182255983 0.619880974
H 0.945247710 -2.481286764 -0.234508336
H 1.263092637 -2.100557089 0.372365654
