19

H 0.006308436 -1.303582191 -0.295768231
C -0.956070304 1.225991130 -1.215254426
H -1.746890426 -0.314193487 0.163145930
C -1.131200194 -1.570165157 -0.556414008
C -1.486578107 -0.139679804 -0.209311545
C 1.365253687 -0.171223566 -0.002363786
C 0.238189816 0.972503424 -1.081895351
C 2.111839294 -0.424518347 1.341911316
H 0.529507995 -1.502422571 -0.514876902
O 1.491649985 2.672888994 0.642057300
H 0.704142451 2.003214836 -0.155350164
H -0.856953740 -0.092730239 0.957071841
H -1.734359622 -0.260391533 0.005055480
C 1.485922694 1.367911577 -0.363500535
H -0.420706630 -0.196471289 -0.050662674
C -0.243232250 -0.222257093 0.094949834
H 0.721854448 -1.008470297 0.487537771
H -0.520727754 0.104096815 -1.048228025
C 0.442049921 -1.140501022 1.801895976
