19

C -4.500780106 2.496756554 15.593153000
C -4.220772743 2.099306107 13.606344223
C -4.584464073 2.575900316 15.540428162
C 35.967617035 38.317142487 16.308132172
C 22.998863220 5.333294392 20.713684082
H -5.206577301 1.172962666 16.757083893
H -4.714774132 1.718344450 15.601556778
H 130.786895752 -5.518758774 -95.274765015
H -5.153293610 1.080279231 16.182222366
H -4.329138756 7.403923035 23.516460419
C -4.838431358 1.506110907 13.003686905
C 3.075868130 4.276000023 10.791015625
C -3.374432564 2.302814960 13.477148056
C -22.480056763 -105.643455505 -56.995212555
C -5.121588707 2.175564289 14.237512589
C -50.882110596 20.622930527 -34.687812805
C -6.338847160 2.038500071 12.365739822
H -60.112895966 1.385406613 -58.652015686
H -6.971074104 14.656983376 27.915622711
