19

C 0.354683787 -0.909334183 0.425925374
H 0.063822232 -0.470948696 0.691717267
C -0.301208347 -1.185364246 0.554370761
H 0.346610337 -0.984255791 0.686533928
C -0.233973473 -0.910270691 0.660197973
H 0.405965596 -1.032344341 0.656945705
C 0.591519773 -1.080141544 0.750365734
H -0.131261081 -1.232069731 0.875925899
H 0.449656814 -1.108849049 1.013474584
C 0.947216272 -1.469999552 -0.111638308
C 0.299100906 -1.240313530 -0.141084075
C 0.602089643 -0.930598021 1.203730226
H 0.472859830 -1.038299084 0.758163810
C 0.767035902 -1.013381481 0.413271546
H 0.214256316 -1.108414888 0.483669877
C -6.364427567 19.077064514 -10.644829750
H 0.439392179 -0.952197313 0.776981831
H 0.497123510 -1.444144011 -0.114523768
C 0.579536796 -0.966137648 1.060798526
