19

H -1.507783294 0.301720142 0.319445372
C -1.464818358 0.229229808 0.160955191
C -1.491988540 0.346496105 0.188545227
C -1.948529840 0.284797788 0.320847392
C 26.208368301 -10.128425598 -2.335524321
H -1.427837253 -0.333628774 0.275265932
C -1.439502358 0.371997595 0.178978086
H -1.287840247 -0.014760494 0.594378710
H -1.519882321 -0.668552399 0.182603717
H 0.369556069 6.990049362 -4.601354122
H -0.994182706 0.560017824 1.851705074
C -1.507158160 0.600672126 0.014595866
C -1.799211144 0.379765868 0.191004872
C -1.667592406 0.348449469 0.214575529
C -1.833134055 0.175544620 0.294024467
C -1.346952319 0.122648120 0.873314619
C -1.683256507 0.151129127 0.220359087
H -2.085710049 0.042349339 0.315150857
H -1.572546601 0.240501165 0.741128206
