19

C -0.226923943 0.095118552 0.413409173
H -0.399102092 -0.600983620 -0.202868044
H -0.508805156 -0.818673730 0.690256417
C -0.400093555 -0.043697134 0.322506249
C -1.655323148 -0.004197448 -1.028789997
H -0.625899792 -0.402545124 0.695646942
C -0.188405752 0.019879311 0.142837882
H 7.512718201 2.305718422 -4.273793221
H -0.410623193 -0.326143175 0.302085578
H -0.443834662 0.462703079 0.105782568
C -0.153531909 -0.442942232 0.073773563
C -0.206751227 -0.031872079 0.320503294
H -0.579590678 -0.123689786 0.472749412
C -0.213276744 -0.071019739 0.200586259
C -0.229655385 -0.022271246 0.427878261
C -0.066551208 -0.016964078 0.463199019
C -0.136500835 -0.077879012 0.311790526
H -0.538522482 -0.096702129 0.199024141
H -0.529329658 0.196161240 0.363421917
