19

O 0.564023256 0.677673817 -0.037332132
C 1.485666394 -0.509040594 0.917329729
H 2.013711214 0.646459341 -0.208866984
H 2.613290071 0.971962988 0.436433613
C 1.218044519 0.368604034 0.419586122
H -1.081306219 -0.050879031 -0.123169690
C 0.578460574 0.207711369 -0.087947965
H -2.522431850 0.846418858 -1.049240112
O -1.457349896 1.740291476 0.568576813
H -2.362021923 -3.866980791 0.036967404
H -1.792825937 -2.485114574 0.002051488
O 0.949625492 0.085564479 -0.482565045
H 1.999508977 0.141042903 0.270283937
C -1.186219931 -0.793871582 -0.071258098
C 1.089043975 0.333229363 -0.066659644
C -0.648790121 0.672550142 -0.205337226
C -1.132571578 0.699463844 -0.730230629
H 0.540249109 -0.244650289 1.288954496
H -0.868106961 0.559563994 -0.877575994
