19

H -5.206773758 5.043545246 16.923347473
C -5.076315880 4.295784950 15.989643097
C -5.119800568 4.418148994 16.163505554
C 25.114639282 14.449323654 1.041230679
C -5.120546341 4.283761024 16.267885208
H -5.098096848 4.640282154 16.369482040
H -5.056748390 4.569452286 16.522489548
H 78.586227417 -21.860017776 -122.100662231
C -5.250818253 4.608528137 17.062372208
H -5.567834854 7.578635216 21.622682571
C -3.667471886 4.973370075 17.365140915
C 105.190368652 3.155118942 16.469305038
C -5.469779015 4.936565876 17.019067764
C -23.036945343 -125.639198303 -33.853122711
C -6.154851913 3.909488678 16.175159454
C -74.847396851 68.265426636 -70.181991577
C -4.890921593 4.190216064 15.932035446
H -44.083045959 -0.515816092 -12.100185394
C -5.243893623 4.697393417 17.312608719
