19

C 1.139508128 -2.403778076 1.543970585
H 0.793047190 -2.192136765 1.815694332
C 0.994685650 -2.418792248 1.304308414
H 1.042367220 -2.287624836 1.570259571
C 0.390356749 -2.480808735 2.046120644
H 0.506687880 -2.556618214 1.413465261
C 1.095810175 -2.399629116 1.655307770
H 0.364506692 -2.556874752 1.727786541
H 0.774034500 -2.934448242 1.547007084
C 1.022297025 -2.618874073 1.448246241
C 0.527189970 -2.501882076 1.930094242
C 1.049646616 -2.115540504 2.126343727
H 0.914575219 -2.400588989 1.402037859
C 0.992010832 -2.542525768 1.749495983
H 0.590968490 -2.454370499 1.295419931
C -15.322021484 43.635025024 -29.322019577
H 1.060711265 -2.193357468 1.625327110
H 0.788707852 -2.390209198 1.549808502
C 1.274911046 -2.186969757 1.571327448
