19

C -0.078645706 -0.124494195 0.041761875
C -0.359805226 -0.171477914 -0.485744119
H -0.123873830 -0.061890244 0.080053747
H -0.156174541 -0.006848335 0.273206234
C -0.219155788 0.034128308 0.370546222
H 1.434524179 -0.814746976 1.250507474
C -0.251286626 -0.115307927 0.275851846
H 1.392059922 0.034372926 -1.350916743
H 0.406804681 -0.939472318 0.066391230
H 0.009971142 -1.053490996 -0.158898830
C -0.409107924 -0.098219991 0.412687063
C 0.022833705 0.128103495 0.301115751
C -0.187366009 0.422740936 0.686188102
C 0.443345189 -0.087561250 0.045831203
H 0.125653863 -0.218902707 0.436216950
C -2.495655537 3.533684254 -3.753787041
C 0.258161783 -0.180997252 0.099343657
H 0.298229814 -0.212037921 1.215776563
H -0.110515237 -0.067583680 0.193870544
