19

H -0.015581220 -0.973511040 0.038265258
C -1.207303166 1.710886717 -1.323936701
H -2.260161877 -0.537453115 -0.146674573
C -1.135107040 -1.604622126 -0.691685915
H -1.863449931 -0.268904626 0.070886850
C 1.366601586 0.094002217 0.204493999
C 0.502720594 0.594469845 -1.106989145
C 1.108819723 -0.070178568 0.183046699
H 0.389110982 -1.124238968 -0.377472937
C 1.519632459 2.497126579 1.042880297
H 0.630948126 2.285675526 -0.617468476
H -0.443169147 0.151784480 1.801268220
H -1.566568494 -0.351664424 0.067046225
C 1.294963241 1.382170200 -0.821142554
H -0.464935094 -0.418090403 0.083727717
C 0.937854171 -1.283130407 0.243013263
H 1.088251352 -0.742783248 0.341107726
H -0.385273844 -0.139781952 -0.471482188
C 0.502647638 -1.201757193 1.481116652
