19

O 0.455334187 0.963277102 0.229408205
N 1.506174564 -0.827400327 1.272438884
H 2.186384916 0.823315859 -0.613639891
H 2.674057961 1.241481185 0.518212497
C 2.212560177 0.625543833 -0.128534913
N -1.512107611 -0.198863655 -0.135284722
C 0.656042039 0.103258021 0.590647042
H -2.716892958 1.026890635 -1.220151067
H -1.562309742 1.734114766 0.699358225
H -2.375270128 -3.820677519 0.123768777
O -1.922874928 -2.681928873 0.108304828
H 0.866969168 -0.176420152 -0.758203804
H 3.081885099 -0.061218299 0.049519308
C -1.470215797 -1.367731214 -0.028829511
C 1.101623774 0.255875528 -0.072907358
C -1.009394050 0.984666705 0.154450983
C -1.351024866 0.776127160 -0.750475168
H 0.164493918 -0.257341802 1.638360858
H -0.985434771 0.857031107 -1.676443100
