19

H -2.885240793 1.981407523 1.520267725
C -2.812122583 1.985205531 1.430721760
H -3.353121996 2.316317081 1.788763285
H -2.843886614 1.922462344 1.448673368
C -2.713849545 1.882307410 1.369826913
C -2.779051065 1.795211434 1.533164024
H -2.647644281 1.820148826 1.397454023
C -3.144652605 0.387789130 2.409241438
C -2.887272596 1.992202640 1.513474464
H 32.247394562 -45.482196808 -15.718296051
H -5.668897629 3.902731419 1.336975574
C -3.148817778 2.165236950 1.499577761
H -2.558994055 1.673003793 1.444359899
C -3.235921383 2.063438416 1.436767101
C -3.160467863 2.150554180 1.632497311
C -4.645383835 2.510223389 0.947583556
H -2.652921915 1.776815534 1.389572024
H 21.602828979 11.265262604 -9.914392471
C -2.711977243 1.891879678 1.533767462
