19

C -1.090560198 -0.480247498 1.202374458
C -0.927756488 -0.434558868 1.383942604
C -1.086184740 -0.569546461 1.171336651
C -0.839522421 -0.509694219 1.248501778
C -0.742290497 -0.247040749 1.598119736
H 0.785927832 0.602684736 3.636604309
C -1.047139883 -0.358191967 1.169948101
H 38.886367798 18.562322617 -9.162577629
H -0.789888084 -0.437236786 1.168992996
H -1.131816030 -0.875712872 1.559906006
C -0.850990176 -0.300073266 1.108812332
C -0.537070692 0.037302494 1.651659012
H -1.145511627 -0.212685943 1.430268288
C -14.954138756 -16.925765991 -0.550119162
C -0.829199910 -0.496230006 1.174612999
C -8.938109398 3.374538660 -11.628598213
H -0.962916374 -0.476806641 1.196412086
H -2.911280632 -0.026832104 -0.427749634
H -0.887913823 -0.226224303 1.067555904
