19

H -0.386141181 -1.453856349 0.002063997
H -1.267483354 0.830162764 -0.939540446
H -2.157638550 -0.288354784 -0.056478627
H -1.381323695 -1.182384610 -0.604042113
H -1.486226916 0.149308845 0.371318132
C 1.732980371 -0.138847828 0.473026872
C 0.496827006 0.097993106 -0.185945451
C 0.346055388 -0.214681655 0.064014859
C 1.894185662 -1.517135739 -1.485432148
C 2.093793869 2.613348246 0.846625090
H 0.807242274 2.462916613 -0.670964301
H 0.049678206 0.200539455 2.143177032
H -1.947069526 -0.210404783 -0.109754004
H 1.613413453 1.399625540 -1.022298574
H -0.763707757 -0.182541400 -0.035550199
C -0.292908788 -0.138017446 -0.026384659
H 0.679769635 -1.333824515 0.566120148
H -0.884668708 -0.001119286 -0.761233330
C 0.853221655 -1.092726231 1.431277990
