19

H -0.273936331 -0.842572331 -0.221696317
H -0.633596957 0.049617290 -0.707856476
C -2.370006084 -0.279216886 0.541282117
H -0.521820605 -0.161362529 -0.073957860
H -1.481967926 0.580882847 0.576754570
C 1.310247660 -0.366447687 0.571315050
C 0.850623548 0.085239530 0.115076602
C 0.500288665 -0.364189148 0.149084568
H 0.810743332 -1.540147781 -1.461533785
C 1.838646889 2.680860043 0.130356729
H 0.903668404 2.359793425 -0.893437684
H -0.452235341 -0.203540683 1.661245108
H -1.140633821 -0.330642462 -0.209821880
H 0.455968320 0.494695395 -1.010385513
C -0.484017551 -1.013103724 0.907241523
C -1.176732302 0.619382739 -0.641306937
C 1.540331364 -1.087904930 0.988709211
H -0.397594392 -0.185314178 -1.277493238
C 0.722022951 -0.496029019 0.856424630
