19

H -0.156375527 0.068968274 -0.118968189
C 0.348879874 0.692513585 -0.054048147
O 1.700762868 0.666670442 0.115347266
H 1.180842876 0.585237265 -0.012509163
C 0.426381499 0.246866167 0.330671698
C 1.028077126 0.217014164 -0.060657751
H -0.167767823 -0.074585140 0.096969113
C -0.272076666 -0.098199934 0.379891068
C -0.618804812 -0.108471051 -0.426673651
C -2.311403513 -1.626595140 0.479744077
H -1.500305414 -0.973983765 -0.045908984
H 0.171722770 0.084837623 -0.287028432
H 0.183647871 0.238966733 -0.075553581
C -0.071120143 0.129283309 -0.172667027
H -0.010623395 0.171560049 0.069056742
C 0.696678102 -0.418347985 -0.428338826
H -0.312882125 -0.010618716 -0.050351646
H 0.058902204 -0.185372144 0.819662929
O -0.374535739 0.394256443 -0.558637500
