19

O 0.262840480 1.069082260 0.463831425
H 1.517780662 -0.989156485 1.362861037
H 2.765453815 1.176899195 -1.074344158
H 2.760439634 1.362417817 0.572980106
C 2.554318428 0.608453572 -0.140436575
N -1.575913906 -0.201290414 -0.053320169
C 0.647565842 -0.121665090 0.923934698
H -2.808432341 1.145034790 -1.327336550
H -1.630122662 1.741611481 0.780276537
H -2.357001543 -3.751569510 0.100003079
C -1.942498088 -2.678179979 0.119104162
H 0.850817084 -0.287986904 -0.967767537
H 3.190660000 -0.147078380 -0.067328595
C -1.498494148 -1.315825820 0.057654858
C 1.108452439 0.190310702 -0.104856998
C -1.205281854 0.962154865 0.259840608
C -1.702351332 0.759635091 -0.978151679
H 0.138752341 -0.302049637 1.864614010
O -1.076985240 0.779202461 -1.791558266
