19

C 1.014649510 -1.273092389 0.419843078
H 0.519346595 -1.176226020 -0.299391270
H 1.260100484 -1.181129575 -0.072948456
H -0.531934381 -1.495187163 0.386580586
C -0.144663453 -1.326735616 0.476618052
H 0.675152183 -1.925126672 -0.051999092
C 1.107058406 -1.672454000 0.426996946
C 0.824776530 -1.462657094 0.641273618
H 0.847378612 -1.189150453 1.021978378
H 0.126542330 -2.290705681 0.306154490
C 0.159575701 -2.116263866 0.133161366
C 1.137483478 -1.238544345 0.696897268
H 0.661502719 -1.047925591 1.117274046
C 1.258500934 -1.584408879 0.041078329
H 1.009987712 -1.463474393 0.523406982
C -13.060667038 26.883106232 -5.972325325
H 1.025966763 -1.680202842 0.850011468
H 0.835186243 -1.502300858 -0.547037363
C 1.274057984 -1.257522225 -0.097572327
