19

C 1.977413058 -3.673767805 4.292747498
H 1.959508300 -3.731221914 4.196246147
C 1.834174991 -3.594280005 4.279571533
H 1.813264012 -3.600417376 4.329220772
C 1.820570350 -4.015629292 4.644026756
H 1.684528232 -4.361114979 4.572309494
C 1.806341290 -3.891505957 4.353684425
H 2.532603741 -3.290275335 3.590667963
H 2.031228065 -4.391414642 4.042287827
H 1.846283317 -4.391274452 4.079203606
C 1.940374970 -3.974681139 4.491167068
C 1.939077497 -3.471286535 4.605714798
H 1.893322110 -3.840157747 4.076101303
C 1.918407321 -4.056931019 4.515715599
H 1.647438645 -3.692832708 4.320657730
C -34.091407776 68.838012695 -77.855430603
H 1.679904342 -3.408392191 4.083608627
H 1.998164535 -3.807535887 4.721397400
H 1.768803954 -3.645293951 4.661113739
