19

C 1.245429516 -1.513153791 -0.094860911
H 0.680168092 -1.674527884 -0.303607583
H 1.693670511 -1.579837084 -0.219888210
H 0.102779210 -2.049239874 0.336756468
C 0.115505397 -1.953397989 0.665059209
H 1.420954943 -2.182661772 0.369650722
C 1.099705935 -1.885031939 0.286916018
H 0.884600580 -1.636724234 0.686387300
H 0.870273530 -1.547820330 0.965168476
H -0.009114206 -2.773154020 0.163828611
H 0.286521614 -2.776369810 0.379198432
C 1.421193838 -1.395410299 0.528118372
H 0.967969000 -1.273176193 1.220210552
C 1.160465717 -2.030989408 0.207657337
H 1.350262880 -1.646725416 0.624069810
C -16.593866348 32.863044739 -5.778312683
H 1.013208628 -1.454817772 0.182103276
H 0.846700609 -2.009570360 -0.658853292
C 1.443570375 -1.480429173 0.440399051
