19

H -0.156104520 -0.819815993 -0.040661104
C -1.015873671 1.073682308 -0.881449163
H -1.069898486 -0.605628610 0.292105526
H -1.057311773 -0.703088760 -0.520856798
C -1.075614572 -0.609870076 0.187017962
C 1.108767271 0.413285881 -0.307509601
C -0.249406502 0.493204445 -1.187849879
C 1.589292407 -0.271693081 0.827784598
C 0.789724767 -1.365667224 -0.804328442
C 0.773915827 1.795487046 0.316140145
H 0.274270952 0.812654138 0.177456215
C -0.534727991 0.710726261 1.291094303
H -0.035919383 -0.388506979 -0.084872037
C 0.438068211 1.200008273 0.091891453
C -0.601426244 0.151968688 0.628224790
H 0.294156551 -0.644208789 -0.112388432
C 0.891051114 -0.801886201 0.938593268
H -0.271933556 -0.160646409 -0.792313695
H -0.091030344 -0.280005068 -0.018079132
