19

H -0.869499862 1.754946589 6.369031906
C -0.286453784 2.599868298 6.352864265
C -0.146514952 2.430110931 6.426966667
C -0.117210925 2.809770584 6.046751976
C 4.485550404 2.201173782 8.943589211
H 0.010979533 2.668196678 6.052498817
H 0.012468338 2.504578114 5.682519913
H 61.700592041 21.209461212 -66.956542969
C -0.396495283 2.630598545 6.198652267
H 0.420729935 3.412686348 6.860230446
C 0.145430744 2.574564934 6.246853828
C 2.370017290 4.148444176 6.495432854
H -0.061999857 2.963734150 6.691701889
C -59.686538696 -69.111145020 -34.305469513
C -0.123070478 2.612595081 5.909486771
C -4.697297573 5.814179420 -0.797699690
C -0.001661956 2.534739494 6.133142471
H -2.732777357 1.724442363 4.956927299
H -0.026237428 2.517057896 6.693051338
