19

H -2.585678339 -2.720877886 24.555717468
C -2.522423029 -3.590496540 23.015064240
C -2.789612532 -1.880346537 22.817722321
C 58.685115814 127.311264038 -42.848976135
C 39.278942108 -6.973876476 39.007194519
H -3.080507040 -2.554236174 23.975090027
H -2.921941996 -2.261221170 24.787982941
H 103.043014526 -24.389696121 -114.707946777
H -2.779862165 -2.795104980 24.610286713
H -5.171306610 -3.248933315 26.576454163
C -1.644160032 -1.445264816 23.700111389
C 43.567581177 18.648918152 11.331572533
C -2.744789839 -2.217011690 24.641544342
C -44.476070404 -112.592010498 -46.717956543
C -4.676938057 -3.925624371 23.246253967
C -70.358764648 48.074779510 -51.914329529
C -4.265428543 -1.505845785 20.666320801
H -91.966560364 -19.357244492 -81.190887451
H -2.590620279 -2.577152729 24.448802948
