19

C -0.615825653 -0.126733899 2.137297869
C -0.609285831 -0.430804372 2.860680819
C -0.626239538 -0.389651060 2.295064926
C -0.559453249 -0.200608611 1.889875650
C -0.877197385 -0.251938581 2.254196644
H 2.790709496 2.003258705 4.728964806
C -0.935047984 -0.222490430 1.689038515
H 44.998870850 10.404014587 -17.430616379
H -0.976382494 -0.434259295 2.719794989
H -0.647620678 -0.574956119 2.174410343
C -0.882248402 -0.211285830 1.914158821
C -0.549463511 -0.251245618 2.216202259
H -0.883897781 -0.330748558 1.713299274
C -16.633895874 -15.999591827 3.603574991
H -0.811406136 -0.412030578 1.664694548
C -17.419496536 7.665149689 -17.770601273
H -0.831414104 -0.336071610 1.856979847
H -3.292539597 0.290455222 -2.143577337
H -0.638167143 -0.190460563 1.626562119
