19

H 0.006885886 -0.306290030 0.190518975
C -0.023710728 -0.245171070 -0.200436234
C -0.344780326 -0.345430136 -0.032882452
C -0.383789659 -0.060075045 0.116184711
C -0.536180377 0.083389521 0.176848531
H 0.466839194 -0.502331138 0.155939221
H 0.360316157 -1.030116320 0.233158588
C -0.159050703 -0.233209252 0.066745043
C -0.268167377 0.381019592 0.204797268
H 0.723288178 1.160288334 -0.196916580
H 0.217250109 -0.012950182 0.455714583
H -0.158971786 -0.430870295 -0.146153748
H -0.145057797 -0.158077955 0.271303177
C -0.299923420 -0.126737356 0.289630532
H -0.214376688 -0.188541412 0.060502768
C -0.385220647 2.489193916 -1.569092512
C 0.688302159 0.234764099 -0.150680780
H 0.754404902 -0.700506687 -0.957897186
H -0.298052192 -0.008348227 1.032716513
