19

H -7.611733437 -2.369404793 5.532162189
C -3.474632502 -10.852340698 14.682868958
C -7.482501984 -2.688807249 5.283752918
C -7.495915413 -2.335698605 5.013719082
C 21.208599091 -26.519744873 8.638943672
H -6.365808487 3.203608990 10.596271515
C -7.627030373 -2.732243776 5.177950382
H 104.040634155 67.892089844 -104.938148499
C -7.372241974 -2.486350060 5.340466022
H -2.274961710 4.878685474 4.629844666
C -7.310794830 -2.723528385 5.204835892
C -6.414193153 -1.511678219 3.931116581
H -7.116355896 -2.848062515 5.355051994
C -13.966090202 -7.217504025 4.060038090
C -7.584010124 -2.582964182 4.818343163
C -8.500664711 -1.099457026 3.553326130
H -7.134579659 -3.087693214 5.375129700
H -9.910340309 -2.221282482 2.979496956
H -7.607383728 -2.697621822 4.764831066
