19

H -0.095061779 -0.769841075 -0.067577973
H -0.651638567 0.441246331 -0.488154113
H -1.050276279 -0.295066983 0.360006154
H -0.831898510 -0.384834379 -0.478554785
C -0.985803783 -0.400510192 0.060936756
C 1.167978764 0.193430752 -0.270771801
C 0.077804863 0.483358800 -1.215485215
C 1.554009438 -0.290559828 0.831342757
C 0.719063640 -1.151613474 -0.659266829
C -0.509740472 1.186048865 0.521739542
H 0.239986598 1.064137697 0.133952886
C -0.366608977 0.627019763 1.050310850
H -0.522773027 -0.137985766 0.024887830
C 0.305573851 0.907089472 0.329095423
C -0.409442306 0.145447254 0.594846547
C 0.768228114 -0.893345833 -0.303802371
C 0.848148942 -0.789085388 0.876959443
N -0.140052378 0.074609771 -1.169658899
H -0.117497981 -0.009545833 -0.130806193
