19

H -0.568509400 -1.246224880 2.505362749
C -0.168571889 -0.906431735 2.950510979
C -0.168989003 -0.992514431 2.888277292
C -0.544334054 -0.983921945 2.964037657
C -0.282481551 -1.012563467 2.719115257
C -0.308591425 -0.963129699 2.823997021
H -0.013460219 -1.271131277 3.214462042
C -0.217165887 -0.910154760 2.945439816
C -0.174195468 -1.369249701 2.932861805
H 3.725844622 16.934360504 -54.089508057
H 0.179235280 -1.141171694 2.524242878
H 0.370024502 -0.573637187 2.721718788
H -0.781035721 -1.275851250 4.873513222
C -0.134118438 -0.710712135 2.730712891
H 0.105555236 -1.252250195 2.896210194
C 0.789316952 0.444066823 2.940188646
C -0.364703596 -1.329813004 3.350148439
H -1.154989004 -0.577114701 3.523893118
H -0.288833141 -0.862554014 2.584814787
