19

H -6.021309853 -1.887175560 6.303446770
C -6.063239098 -2.330239773 6.502338409
C -6.008879662 -2.103469372 6.120047569
C -6.049355507 -2.115562201 6.235503197
C 13.829816818 -18.519126892 7.313044548
H -6.141875267 -1.387753725 6.873112679
H -6.146315575 -2.271918535 6.083395958
H 102.673240662 61.569942474 -112.191673279
C -6.034787178 -1.994528532 6.318321228
H -4.666982651 -0.055168152 6.346670151
C -6.134618282 -2.278011799 6.146695137
C -5.528598309 -1.432656169 5.961520195
H -5.899451256 -2.316553354 5.939178467
C -20.364837646 -13.160260201 5.479471207
C -6.171500206 -2.296671867 6.169060707
C -6.711280823 -0.887408257 5.341288567
C -5.996670723 -2.487264156 6.164777756
H -6.285820007 -1.802165389 6.626141548
H -6.277539253 -2.244015694 6.267643929
