19

C 1.446120262 -0.894869804 -0.473860145
H 1.197457075 -0.838807344 -0.909281015
H 1.339146137 -0.976695061 -0.626260459
H 1.224014759 -1.265100002 -0.040448606
C 0.677390099 -1.128060818 0.201877654
H 1.509447098 -1.210251331 0.092774987
C 1.699336290 -1.315540075 -0.093177497
C 1.780535698 -1.159178734 0.085046470
H 1.764121056 -1.833669662 -0.476632535
H 0.843375683 -2.381908417 0.174030781
H 0.459942460 -2.457274437 0.342727363
C 1.876228094 -0.643758535 0.927663445
H 1.376059532 -1.261404514 -0.023034930
C 1.334387541 -1.646547318 -0.008070111
C 1.217691898 -0.855056763 -0.556895375
C -24.991626740 22.891580582 0.959509611
H 1.910019398 -0.845633984 -0.000004649
H 1.396225214 -1.182463884 -0.057629347
C 1.940129280 -0.995362043 0.481664300
