19

C -1.921089411 -0.698035479 0.894279122
C -2.217091560 -0.714756250 1.016568303
C -1.854315639 -0.756173372 0.756566167
H -1.910481095 -0.671469808 0.741239429
C -2.279061556 -0.753943741 0.909803033
H 18.743055344 5.817460537 11.115996361
C -2.061252356 -0.676876545 0.897519708
H 20.720355988 7.030832291 -23.021934509
H -1.886550188 -1.451875448 0.922976136
H -2.311470032 -0.340140700 1.109095931
C -2.257299423 -0.465445638 1.038334489
C -2.133876324 -0.818342328 0.978816628
C -1.762296915 -0.692835450 0.777436852
C -3.699619293 -1.708481669 1.731629968
H -2.091158390 -1.325462937 0.776737571
C -4.239547729 0.415769696 -1.700397849
C -1.820726633 -0.843663454 0.851453424
H -3.106717110 -0.644893646 -0.538094163
H -1.910856962 -0.701666594 0.741973042
