19

H 0.563882351 -0.572271585 -0.058058619
H 0.553157330 -0.438811779 -0.114161730
H 0.340901613 -0.846675158 -0.221756458
H 0.458303213 -0.587285519 -0.064739347
C 1.269073248 -0.868678331 -0.227181435
H 0.677713394 -0.559642315 0.029499054
C 0.827260256 -0.400960207 -0.243687272
C 1.412120819 -0.207940817 -0.228577137
H 1.038829446 -0.584205627 -0.213478804
H 0.925815225 -0.226562142 -0.062964916
H 0.199589252 0.024469614 -0.405827582
C 0.809280872 -0.217560410 1.113440275
H 0.623933792 -0.363094568 0.032738209
C 0.835756898 -0.275026798 -0.299279392
C -0.189572692 -0.731559992 -0.618606448
C -13.255973816 8.670911789 0.829459190
C 1.332632899 -0.563855171 0.449738622
H 0.520467997 -0.500885487 -0.373973608
C 1.056828856 -0.750364304 0.677416086
