19

H 1.396704435 2.132610798 4.982116699
C 1.615805626 2.055520058 4.520206451
C 1.925784349 2.051389694 4.713164330
C 2.034175396 1.871615052 4.665649414
C 4.212800980 1.619002700 5.722034454
H 1.901496410 1.872644544 4.437479973
H 1.968399644 2.130681992 4.379099846
H 36.788551331 41.384212494 -58.616996765
C 1.844657898 2.175298214 4.926323891
H 12.236328125 9.616254807 3.424977541
C 1.822564602 1.844717145 4.823282242
C 6.035330772 3.433339596 3.990132570
H 1.732574940 2.822564602 6.206720352
C -78.953445435 -85.679924011 -15.866101265
C 1.995960355 2.106358528 4.554163933
C 0.214893609 3.425215244 1.827239752
C 2.192716599 2.042767525 4.607112885
H -2.837253809 0.929746985 2.248574018
H 1.871948719 2.165986538 4.454828262
