19

C -3.140035152 0.629415035 -0.625694156
H -2.364980221 0.514216900 -0.251234293
C -2.450347900 0.674108744 -0.300060630
C -2.548999310 0.551416874 -0.154512525
C 25.135669708 -14.192286491 13.752667427
H -3.843499184 2.011380196 -0.244795680
C -2.334156990 0.557297707 -0.189280272
H 22.046306610 1.661832333 -9.352768898
H -2.530166149 0.463896275 -0.189604878
H -3.632111549 1.600057125 -1.414854407
C -2.245862007 0.756025314 -0.299538612
C -2.871613026 0.556282043 -0.199554682
C -2.512424469 0.617066622 -0.338059664
C -2.407430649 0.561819077 -0.231182337
C -2.794850826 0.392627716 -0.240946174
C -2.365353107 0.454314470 -0.176397920
C -2.526896000 0.463978291 -0.158425689
H -2.544497490 0.696750641 -0.093269110
H -4.068747520 1.029800892 0.707509875
