19

H 0.398493141 0.976582050 0.284684390
H 1.500915051 -0.938967347 1.292029381
H 2.604797125 1.032811403 -0.851753831
H 2.768166542 1.297886848 0.528208315
C 2.120332718 0.549698591 -0.040074602
N -1.522972822 -0.194631875 -0.075714089
C 0.695459962 -0.039447811 0.815353096
H -2.748341799 1.099557281 -1.274505854
H -1.593509912 1.791180491 0.740265846
H -2.422607422 -3.777622938 0.099070683
O -1.957334638 -2.695740700 0.072955534
O 0.966881633 -0.242220953 -0.909007668
H 3.164998770 -0.114465371 -0.048364528
C -1.514680147 -1.354904056 -0.001593277
C 1.105717659 0.287099659 -0.080790363
C -1.133229375 0.994881034 0.234877139
C -1.517012000 0.696606755 -0.822649479
H 0.167360783 -0.206647530 1.737634420
N -1.083435178 0.838344574 -1.700624943
