19

C -6.560406685 -3.102415323 0.361964226
C -6.759703636 -2.992716312 -0.078571901
H -7.697834969 -2.496861458 -0.434292436
H -7.466231346 -4.024250031 0.469337583
C -6.937604904 -2.982833147 0.153177693
H -6.995336533 -3.318788767 -0.227738485
C -6.833112717 -3.185372591 -0.069512054
C -7.185786247 -2.935574770 0.023492932
C -6.931015968 -2.857266665 -0.071199611
H -5.101762772 -4.152024269 1.894152522
H -7.143588066 -3.147871733 -1.097609162
C -6.926701546 -2.870766163 -0.068792090
H -6.982305527 -2.935941458 0.127887890
C -6.673476219 -3.351801634 0.307063699
C -6.731476784 -3.305222034 -0.312865973
C -6.849813461 -3.030447721 0.054762974
C -6.663183212 -3.034640789 -0.094509587
H 123.180419922 56.733966827 -1.061416030
C -6.741080284 -3.009171486 0.124667659
