19

H -0.301157057 -0.011196852 -0.026061416
H -0.220717132 -0.060197830 -0.051814198
H -0.476328135 -0.526996851 0.428653538
C -0.105191469 -0.006701231 0.321151674
C -0.018101335 -0.011732578 0.105651259
H -0.085155427 -0.048102856 0.772005439
H -0.157654405 -0.146440506 -0.198055744
H 5.272185802 -0.467666030 -2.383314610
C -0.213837326 0.058036327 -0.035927653
H 0.129549503 0.807257891 -0.232123375
C -0.181506276 -0.126929045 0.120350361
C -0.432645917 -0.172629595 0.248991728
H -0.309517503 -0.052867413 -0.028474987
C -0.306349754 -0.087801218 0.048145592
C -0.126234293 -0.240082502 -0.066045403
C -0.199680448 0.118030310 0.650044799
C -0.257560730 -0.045179605 0.150577545
H -1.133775115 0.049966335 0.300598025
H -0.876323819 0.971236467 -0.124353528
