19

H 0.295726538 -0.511853456 0.212642729
H -0.375974178 0.186892003 -0.544582009
H -1.258980751 -0.579854727 0.234593928
H 0.021047354 -0.309987187 0.116231620
C -0.295474529 0.049965739 0.293859303
C 0.166772842 -0.150173187 0.297742069
C 0.280227184 -0.021355033 -0.426441014
C 0.469415188 -0.442643404 -0.073872745
C 0.389549971 -1.200537682 -1.112450838
C 1.213873148 1.704103351 0.239741147
H 0.792357922 1.630677342 -0.328398466
H 0.013388395 -0.046019614 1.126903534
H 0.071095705 -0.168809831 0.091708720
C 0.737896919 0.926887214 -0.854232550
C -0.672427177 -0.742097974 0.119012654
C -2.295506477 0.958081245 -0.172100484
H 0.396532774 -0.429926038 0.167248905
H 0.109252214 -0.164228499 -0.041798532
C -0.058771849 -0.689119935 0.654192746
