19

C 0.052597947 -1.085948825 -0.118468106
C -0.591743827 1.048759580 -0.770121574
H -0.790377975 -0.172056541 0.512436390
H -0.866388798 -0.270888031 0.017527491
C -0.955198050 -0.251154423 0.474553347
C 0.969271302 0.189468801 -0.330632031
C 0.015951738 0.207676753 -1.180058002
C 1.134983301 -0.370102346 0.568346858
C 0.508954883 -1.098622561 -0.839341402
C 0.288570702 1.278901219 0.596161246
H 0.193697780 0.795190871 0.489554703
H -0.404581636 0.077850066 0.505810499
H -0.592326880 -0.065799996 0.220698655
C 0.166882128 0.883072853 0.379492462
C -0.393577427 0.110978231 0.380763412
C 0.623401940 -0.822682559 -0.353204340
O 0.563299179 -0.607394099 0.567909122
C 0.067225635 0.321813881 -1.390581965
H 0.009358138 -0.169062868 0.269153476
