19

C 2.354928255 -2.599463224 2.839298248
H 2.317143679 -2.670455933 2.812358856
H 2.426762819 -2.536934137 2.752810478
H 2.282679796 -2.593265295 2.818746567
C 2.721811533 -2.634992123 3.074024677
H 3.455162287 -2.438401222 3.264136314
C 2.380324125 -2.666515350 2.792978287
H 3.922639132 -1.967092752 1.367297292
H 2.640878916 -2.961367130 2.524873734
C 2.197003603 -3.082567453 2.754382610
C 2.491981745 -2.772589684 3.060050011
C 2.423541307 -2.675424337 2.930985928
C 2.337231398 -2.755671024 2.715219021
C -3.811530828 -6.278954029 4.315514565
H 2.551655054 -2.292251825 3.173870087
C -39.640159607 50.217113495 -51.979911804
H 2.126346827 -2.376594782 2.594323635
H 2.556305170 -2.562634945 3.114428043
H 2.265292883 -2.351940393 3.074611664
