19

H 3.081651688 2.820959806 8.779243469
C 3.186229944 3.157062292 8.248246193
C 3.017148972 2.852128744 8.465016365
C 2.752405405 3.366229296 7.250342369
C 2.856704950 3.353992701 8.162257195
H 3.435351849 3.299794912 9.306212425
H 3.360487223 3.115955114 8.422625542
H 27.482387543 15.698905945 -15.239821434
C 3.061068773 3.164378881 8.295787811
H 3.433051825 3.488408804 8.798310280
C 3.165096521 3.107074976 8.361951828
C 4.760681629 3.989760160 7.867469788
H 3.505046368 3.128143072 8.861938477
C -52.026588440 -115.191726685 -48.751071930
C 3.262137890 3.143843412 8.401703835
C -22.515180588 47.912158966 -63.481525421
C 3.323161840 3.142752409 8.203531265
H -2.311013460 3.302780867 1.466052055
H 3.170168638 3.147387266 8.581719398
