19

C 0.652420640 -2.036432266 1.688722014
H 0.511423349 -2.008988380 1.812097669
C 0.207535863 -2.274030685 1.525044084
H 1.302825570 -2.057866573 1.668520093
C 0.304541826 -2.017157078 2.067963600
H 0.189213872 -2.276238441 1.413569093
C 0.612845302 -2.106633186 1.931052327
H 0.126353860 -2.110764980 1.663403153
H 0.789845109 -2.586664677 1.628335595
C 0.769566655 -2.330580235 1.648757577
C -0.098259091 -1.938574314 2.140892506
C 0.568770409 -2.010831356 2.051062584
H 0.591174126 -1.669384480 2.446738243
C 1.586357951 -1.361149788 1.225843549
H 0.348550439 -2.222298145 1.390400052
C -10.559969902 36.969661713 -30.628425598
H 0.560487151 -1.939384222 1.753794789
H 0.689385176 -2.028287888 0.917794108
C 0.846934438 -1.994398594 1.654436231
