19

C -0.879004359 -0.001427770 0.000861526
C -1.176902056 0.067285419 -0.087871194
C -0.996607661 -0.077990294 -0.052015066
H -0.923629999 0.029399037 -0.010301232
C -1.283281922 -0.041726470 0.041364789
H 17.381021500 -1.405367017 7.168899059
C -1.009830236 0.150626421 0.038531423
H 3.330592632 1.644858479 -4.950719357
H -1.041102052 -1.224504113 -0.228364348
H -1.479595423 0.498591304 0.601074815
C -1.245766163 0.171984315 0.143765688
C -1.001621246 0.106088281 -0.007265091
H -0.815215826 -0.105193853 -0.041978955
C -0.748308301 0.188813090 -0.128052950
H -1.211602092 -0.155137062 0.087286472
C -2.841467381 1.184568048 -1.895924211
C -0.631717801 -0.076729655 -0.093864083
H -2.265805721 -0.320061088 -1.105943322
H -1.160159111 -0.634077430 0.520516992
