19

C 0.315659106 0.909687519 0.170739889
C 0.290699840 1.057956219 0.229911208
C 0.427839339 1.352412939 0.317674398
H 0.273543119 1.400236249 0.358745575
H 0.173036814 1.353681803 0.230227470
C 0.548618972 1.393054724 0.243008494
H 0.458496034 0.935847759 0.310689926
C 0.760185122 1.702958107 0.529753804
H 0.202623844 1.188272238 0.156872869
H -5.371846199 -29.224077225 -1.274239659
H 0.345464706 0.545543432 0.789153695
C 0.242490411 1.041836262 0.254528761
H -0.723578811 1.149017334 0.361981750
C 0.421890378 1.769614220 0.392655373
H -0.523402333 -0.085201263 -0.389526486
C 0.434851825 10.459087372 -4.000517368
C 0.408561766 1.450348973 0.416542053
H 0.951372027 0.581273794 0.529017925
C 0.363494992 1.018450499 0.372780323
