19

H -0.350087762 -0.873239994 -0.210974753
H -0.422806382 0.127234817 -0.626530886
H 0.029115677 -0.359315991 0.012794733
H 0.010340333 -0.314578533 -0.343698502
C -0.833294749 -0.206411719 0.494109571
C 0.943579435 0.640073776 -0.088624030
C 0.320079029 0.902880907 -1.384344339
C 2.034845352 0.531183004 0.866563737
H 0.418785304 -0.957357645 -0.624969482
C -1.414227247 -0.114790499 0.197673589
O -0.973036051 1.670590878 0.038587958
C -0.149342299 1.055743337 1.538540125
H -0.593470573 -0.465375423 -0.173074365
C 0.575500607 1.718928218 -0.281310797
H -0.465665579 -0.023152351 0.417169362
H 0.019609094 -1.132901669 -0.416448534
C 1.370476127 -0.616647601 0.812931001
H -0.254451513 -0.334047556 -0.829341769
H -0.265947938 -1.248815536 0.600946844
