19

H -3.014262199 1.818568230 2.673527718
C -3.522447348 1.637372971 2.856962204
H -3.324132919 1.218769073 3.731825352
C -3.696056128 1.762416363 2.809141159
C -0.740755320 1.637382984 4.646170616
H -6.030497551 5.067848682 9.565592766
C -3.469259024 1.699128151 3.085895061
H 64.127204895 -7.763747692 -43.702468872
H -3.050838470 1.668779850 3.022522926
H -3.390687466 2.485597134 3.365186691
C -3.690246344 1.741163254 3.034546852
C -3.451127291 1.716381073 2.953239441
C -3.613130808 1.453065395 2.882671356
C -2.850299120 -26.055995941 -15.444630623
C -3.620593309 1.617330074 2.993664265
C -4.373280525 1.717343807 2.471623421
C -3.982873678 1.981441975 3.301302910
H -4.358749390 1.943509579 2.126464844
H -3.947963953 2.653643131 3.626762867
