19

H -0.547658741 -0.037413254 -0.231227502
C 0.364608556 0.806702495 -0.554695487
H 1.615363121 0.368831933 -0.344971806
H 1.255794883 0.152106866 -0.361405253
H 0.697421908 0.226723894 -0.182240725
C 1.373135328 0.156185851 0.202579245
O -0.047043681 0.369100511 -0.340298951
C 0.700997412 -0.007763520 1.394509554
O -0.697291911 -0.390247881 -0.693946183
C -2.618302345 -0.860900998 0.396801859
H -1.607804775 -1.009376526 0.014196351
H -0.146582901 0.300101101 0.014257893
H 0.119805932 0.343844950 -0.175134525
H -0.901465595 0.333299637 -0.226966575
H -0.230221212 0.252866805 -0.023172799
C 1.220717907 -0.773012042 -0.188000754
H -0.365471065 0.045272574 -0.019761387
H -0.333116829 0.081818387 0.033300400
C 0.147114098 -0.358140886 1.286176682
