19

C -4.767912865 -0.475735188 0.828951836
C -4.303587914 -0.150164247 0.716260195
C -4.403418541 0.100193143 0.430629015
C -3.150061846 -1.860542893 1.470702171
C 29.941629410 -18.310314178 15.247459412
H -6.609040260 4.079611301 1.677534580
C -4.605528831 0.062575698 0.501597524
H 48.823326111 8.393960953 -20.308536530
H -4.113133430 0.042102695 0.227453232
H 0.167560816 9.954704285 -5.249235153
C -4.147210121 -0.278940916 0.544632435
C -4.627055168 -0.199078798 0.692854166
C -4.571952820 -0.163172126 0.518828273
C -4.238305092 -0.235779643 0.592130423
C -6.544798851 0.233278632 1.267778873
C -4.873238564 -0.343026757 0.536519289
C -4.079291344 -0.283160448 0.672932029
H -6.499465942 -0.667559624 -0.979366302
H -7.398510933 0.101050615 0.610872626
