19

C -4.415065289 4.699851036 5.439488411
C -4.516159534 4.703274727 5.453266144
C -4.460339069 4.740887642 5.409393311
H -4.534972191 4.808369637 5.396780014
C -4.406729221 4.764637947 5.407548904
C -4.546239853 4.643355370 5.394668579
H -4.112073421 6.956696510 7.173414230
C -4.422210217 4.411611557 5.333510399
H -4.617398262 4.748909950 5.399498940
H 83.114204407 -81.694618225 -101.279006958
H -6.252990246 2.372268915 8.468859673
C -4.547965527 4.794559479 5.351169586
H -4.299622536 4.321501732 4.983530998
C -3.965464115 4.103413582 5.730048180
H -6.240557194 1.816209555 4.738250732
C -4.398085594 5.707488060 5.377866745
C -4.329179764 4.561596870 5.190537453
H -4.558755398 4.840332985 5.556771278
C -4.490391731 4.699657440 5.474393845
