19

N 0.289814055 1.102290750 0.490755886
H 1.525451660 -1.002739429 1.388588786
H 2.736541986 1.174225450 -1.069550753
H 2.742628813 1.356853366 0.620357394
C 2.503897429 0.661638200 -0.156865552
O -1.612477064 -0.231682152 -0.070225790
C 0.705502748 -0.208998978 1.083385587
H -2.776483536 1.166396856 -1.335126758
O -1.633476734 1.856803298 0.846860647
H -2.263791323 -3.760599375 0.109396987
C -1.987115145 -2.721606731 0.093499266
O 0.877457082 -0.371532828 -1.051458716
H 3.197614193 -0.133462995 -0.112909988
C -1.593759060 -1.384312987 0.053866312
C 1.146079063 0.229439884 -0.093664557
C -1.172578335 0.999592781 0.277922541
C -1.765472651 0.771294951 -1.021110654
H 0.124406844 -0.306219071 1.847414851
O -1.044239640 0.802619100 -1.901135564
