19

H -1.092813373 -0.939647079 0.421157956
C -0.870967090 -0.607416034 0.560618043
C -0.996432185 -0.621717095 0.657489657
H -0.804644585 -0.729085445 0.528515458
C -1.118564367 -0.594404340 0.774273753
C -0.913617849 -0.589828253 0.552043319
H -0.752603292 -1.666567445 0.247092128
C -0.932615519 -0.758299470 0.562480092
C -0.939547181 -0.614839554 0.674783111
H 23.495891571 15.111465454 -20.157684326
H -7.419945717 -1.338712811 12.110915184
C -1.124995112 -0.738566041 0.694664359
H -0.609121263 -1.305997372 -0.602908611
C -0.885095000 -0.638785005 0.671713948
H -0.932616711 -0.484959096 0.486019492
C 0.008107066 0.427550703 -0.776601911
C -2.417254448 -2.029684544 1.157222152
H -0.623550296 -1.179315925 0.778414369
C -1.069612741 -0.701191545 0.659792781
