19

H -0.030754924 -1.255379558 -0.439195216
C -1.002489686 1.411315799 -1.161284328
C -1.996371150 -0.357421279 0.539461613
C -1.438443780 -1.249604106 -0.514124513
N -1.603563190 -0.195387855 -0.018567115
C 1.282832980 -0.094668224 -0.075921141
C 0.178382397 0.813573778 -1.158058405
C 1.980717778 -0.258413196 1.327357054
H 0.947495461 -1.942121148 -0.878199399
C 1.596278429 2.531226397 0.805033445
H 0.771142960 2.198508024 -0.074142560
H -0.708183765 -0.185940817 0.621593475
H -1.262598395 -0.268663168 0.054659858
H 1.251251340 1.458532453 -0.486430287
H -0.711876512 -0.236447111 0.352130473
C 0.176217079 -0.134487078 0.059133127
H 0.418247104 -1.054218650 0.699219346
H -0.480625868 0.022699371 -1.549200535
C 0.632340372 -1.203103900 1.896535397
