19

H -0.156657726 -0.531661451 -0.052841332
C 0.105204254 1.085181952 -0.765710354
H 0.147813648 -0.298724890 0.559111834
H -0.602943480 -0.622496784 -0.052682471
C -0.534439087 0.000332311 0.671515942
C 1.305763483 0.643810272 -0.262183487
C 0.451359987 0.864451289 -0.953974187
C 1.758459806 0.337445140 0.820675850
N 0.330137521 -0.512342334 -0.757483840
C -1.557225704 -0.384929001 0.332903832
H -1.018871307 0.130220637 -0.069289863
H -0.334873915 0.006551728 0.593757510
H -0.784954965 -0.224875674 0.230226442
C 0.405148268 1.004609704 -0.484987497
H -0.101067245 0.185698092 0.298916936
C 1.029895425 -0.374814689 -0.690689027
H 0.023321897 -0.572164476 0.086399376
H 0.050914824 -0.073137596 -0.040651802
H -0.516985297 -0.663153946 0.536985993
