19

H 0.229272723 -1.093291402 -0.025972784
C -0.895167947 1.832367778 -1.205652237
H -2.275751591 -0.441238999 -0.155024946
C -1.065802217 -1.538961768 -0.982957304
H -1.938903213 0.035429001 0.026755244
C 1.278784871 0.016355753 0.310538471
C 0.591816545 0.299206972 -0.461665213
C 0.699105978 -0.061573684 -0.003605485
H 0.344156146 -1.215776682 -0.391116261
C 1.787937045 2.725127220 0.812351644
O 0.981670022 2.651825905 -0.506387472
H -0.759591579 -0.155767918 1.631189585
H -2.118368626 -0.144103765 -0.197201699
H 1.120440722 1.408692718 -0.821628511
H -0.707077384 -0.565711498 0.188263953
C 1.003957629 -1.533744454 0.696016729
C 1.739114523 -0.790778995 0.509596169
H -0.608957410 -0.223049104 -0.846809030
C 0.593364239 -1.205006242 1.423309803
