19

C -0.191962719 -0.565329790 0.365345478
C -0.144296646 -0.234966695 0.750362396
C -0.274755239 -0.355840564 0.511870623
C -0.124792099 -0.199034512 0.600194454
C -0.243359089 -0.253052592 0.556703091
H 1.660836697 0.043404453 2.116699219
C -0.083802223 -0.221051514 0.528137445
H 3.622625351 0.778870225 -2.049952507
H 0.118717432 -0.539877176 0.502771616
H -0.040136337 -0.145546317 0.647071600
C 0.390204668 0.205767035 0.483227491
C -0.242403030 -0.313895226 0.614531755
H -0.148563385 -0.169831008 0.511916399
C -0.514484406 -0.848818660 1.293014526
H 0.018423080 -0.724401832 0.448143005
C -3.706535339 4.347083569 -8.438335419
C 0.380726099 -0.474076301 0.495544910
H -0.399253368 -0.106338270 -0.434273720
C -0.077188492 -0.223064840 0.497031212
