19

C 0.564739823 -0.464693010 -0.345244378
C 0.103392497 1.078386545 -0.442287803
H -0.313220024 0.553688228 0.815207720
H 0.542253554 0.683550656 0.001504317
C -0.116733998 -0.017436385 0.533568680
N 0.511245072 -0.038106725 -0.323000401
C 0.337388277 0.247963101 -0.721568346
N -0.280147105 -0.007398754 -0.311200082
C 0.332360327 -0.058436483 -0.525198698
O -1.778392553 -2.592203617 -0.189540789
H -0.923657656 -0.634014130 0.094096497
H 0.078094497 0.449050367 0.314921916
H -0.286400080 0.544710219 0.227894589
C -0.333715558 0.235463649 0.269475758
C 0.395614803 0.424758673 0.161139920
C 0.564003825 -0.309088349 -0.376385927
C 0.538676202 -0.340487897 0.197054818
H 0.085175708 0.188271791 0.157761112
H -0.020677790 0.056022048 0.461801171
