19

H -1.320845604 5.936115742 -0.743631124
C -1.529096127 6.164035320 -0.930839777
H -1.330571890 6.411349773 -0.925290704
H -1.447559118 5.878777981 -0.698547363
C -1.493837595 5.911559582 -0.979092360
C -1.516961098 5.854728222 -0.905213833
H -1.563466072 5.780920029 -0.879196465
C -1.457012177 5.864912510 -0.926268876
C -1.576456070 5.896066189 -1.025679231
H 32.269702911 -105.966712952 17.768772125
H -14.913215637 5.117721081 1.172101259
C -1.476506472 5.781321526 -1.038691044
H 0.647496402 5.507958889 -1.748412371
C -1.440571070 6.044651508 -0.929714084
C -1.397259474 5.886232853 -1.044105768
C -1.871315002 6.730232716 -1.303998232
H -1.521099329 5.822984695 -1.030347824
H 4.486230850 5.385786057 -2.819869757
C -1.547658682 5.991362095 -1.011973143
