19

H 0.272966653 -0.135965943 0.222879231
H 0.098038279 -0.276256084 0.277483404
H -1.820807219 -0.672511220 0.003710449
H 0.189316064 0.053436160 0.145041168
C -0.716685057 0.234514236 0.261822999
C 0.554090917 -0.209359050 0.156081498
C 0.501387775 0.138934076 -0.043644607
C 0.270907432 -0.216887563 0.175008953
C 0.818283141 -1.037255406 -1.068486214
C 1.661618352 2.035450459 -0.011361182
C 0.788296998 1.772755504 -0.987116098
H -0.328312844 -0.159176201 1.324764252
H -0.672380447 -0.345025778 -0.022128642
H 0.123446368 -0.251296639 0.129580796
C -0.080102600 -0.613278568 0.447458088
C -2.227957010 1.460835099 -0.586780727
C 0.785380542 -0.947744608 0.618106186
H -0.447332948 -0.403234303 -1.431695223
C 0.229845345 -0.427933931 0.389275372
