19

H 4.404454231 -7.086112976 -1.223132372
C 4.851049423 -7.453213692 -1.331783772
C 4.918081284 -7.338342667 -1.274452448
H 3.075968981 -6.485995293 -1.619344711
F 4.434032440 -9.214154243 -0.911553204
C 5.033051491 -7.492152214 -1.032880783
F 4.315867424 -6.827739716 -3.552897930
C 5.228433609 -5.782120705 -1.160689592
H 5.045971870 -7.274700165 -0.812160552
C 4.728065491 -7.484826088 -1.108285666
H 5.232604027 -7.384859085 -0.840310156
C -18.185750961 7.488822937 34.550006866
H 3.990864515 -6.862795830 -1.375821352
F -61.746315002 117.035537720 -13.710953712
C 4.765993118 -7.360460281 -1.278258324
H 3.897318125 -6.630133629 -1.383477211
C 4.842647552 -7.676746368 -0.678426802
H 5.282604218 -7.515729904 -0.530139267
C 5.885056496 -8.654273033 -0.725437582
