19

F 140.326263428 -26.727411270 4.540265083
F 30.392391205 39.556369781 98.391212463
F 139.326187134 -41.550205231 40.006591797
F -23.559486389 -23.497192383 -34.960983276
F -52.081214905 -100.323257446 68.794204712
C -45.207416534 18.668352127 20.113628387
F 20.682327271 38.623600006 68.315551758
C -82.293464661 49.525192261 -34.157707214
F -65.855270386 -39.625938416 -60.291400909
C -40.509597778 28.169057846 61.138942719
C -7.799924850 13.092549324 21.881853104
F 56.694526672 -124.952995300 -58.658996582
C -57.162490845 8.660523415 -45.843616486
F -31.171485901 -8.971196175 51.033817291
F 50.638198853 79.344123840 -77.533706665
C -1.290168762 11.378441811 -19.602748871
C -34.588386536 73.615150452 5.996353149
F -46.879493713 -6.635745049 32.089813232
F 50.338500977 11.650586128 -141.253097534
