19

F -55.391349792 -3.736772537 -22.768070221
F 38.160629272 -28.218250275 159.419433594
F -82.700836182 -100.019149780 27.865867615
F 26.561569214 24.163730621 -2.411246777
F 30.628971100 -53.523693085 20.078340530
F 50.631248474 -10.620580673 -21.895290375
F -16.689472198 -81.695335388 -10.294632912
F 57.968208313 -58.108112335 -111.246391296
C -4.957057953 -44.045059204 -59.158889771
F 81.409767151 69.500617981 -11.697284698
F -7.236026764 8.089392662 -2.594328403
F -14.376935959 53.744022369 -45.201999664
F -24.985675812 18.038490295 94.923027039
F -7.347938538 81.370437622 21.518739700
F -19.467813492 -52.264415741 27.365793228
H 63.300125122 25.290542603 6.930712700
F 8.218551636 21.673328400 -38.834018707
F -13.301616669 9.966059685 -26.814899445
F -110.424354553 120.394760132 -5.184868336
