19

C 60.797416687 100.611030579 -32.076614380
C -48.574718475 -63.100666046 4.162513733
C 61.297714233 53.265857697 -93.800399780
C -1.343456030 -81.636131287 -4.311146736
C -27.384609222 -76.072021484 17.499866486
H -25.370183945 53.556838989 55.117198944
C -43.398429871 -77.335273743 -32.992855072
C 90.511085510 64.534248352 40.591167450
C 31.423269272 -7.657738686 125.522590637
C 42.591300964 76.970329285 -34.747745514
C 99.943565369 27.844562531 60.559337616
C 5.023376465 -28.705776215 -3.043135881
C -7.758687019 -52.483901978 8.797522545
C -18.113819122 -17.648429871 22.035160065
C -113.288276672 24.963695526 -61.931003571
C -119.588218689 -28.349525452 -33.428016663
C 97.105285645 -80.294517517 -40.327148438
H -31.633886337 24.047988892 -17.945413589
C -52.238739014 87.489463806 20.318119049
