19

C -8.330515862 10.540503502 10.930028915
F -99.530311584 -6.838768959 94.570571899
F 52.609786987 113.347534180 -53.832595825
H -4.279644012 11.178891182 16.987758636
C 11.396154404 -124.839347839 -13.020881653
H -3.468075752 12.988834381 21.013772964
F -24.017803192 21.041309357 -128.924819946
C -6.609851837 2.768069029 13.357553482
C -58.945999146 -100.154869080 -67.167831421
C -2.873520851 11.122177124 18.392374039
C -88.317672729 22.048454285 -73.458641052
C 116.700706482 -56.775436401 15.873699188
H -2.633868217 11.529811859 21.712514877
C -6.887377739 18.919284821 20.184886932
C -1.567293882 10.042064667 19.206701279
C -0.258354664 11.093173981 21.094297409
C 119.100723267 -26.152992249 -22.088743210
H -2.751336098 10.974589348 18.059560776
C 10.664239883 47.166725159 67.109771729
