19

F -35.517990112 -55.567028046 39.623703003
F -48.732620239 125.565917969 -64.652984619
F -31.515111923 -19.703887939 -3.510963202
F -38.327835083 50.348487854 -93.837341309
F -21.173658371 -51.838592529 11.827855110
F 121.048179626 11.274497986 33.763267517
F -12.235402107 24.637615204 -93.592056274
F 105.610313416 11.952125549 -51.554740906
F 102.554962158 47.139099121 96.648994446
F -51.314155579 -65.311065674 23.072679520
F 14.224958420 -87.660469055 -22.124771118
F -36.399330139 19.596214294 136.982345581
F -84.862457275 -44.845558167 91.657638550
F 25.878499985 -71.863082886 -25.624345779
F 14.287416458 72.876083374 -45.719757080
F -11.366117477 145.016525269 48.615150452
F 116.767036438 2.768035889 -43.361480713
F -31.543420792 -98.528991699 -19.127550125
F -97.383216858 -15.855880737 -19.085655212
