19

C -0.012971655 1.451980352 -0.375681311
N 0.890620053 -0.139640570 -1.851727962
C -0.142824009 -0.923765481 0.198371232
H -3.263741255 1.244684100 -1.442276239
H 0.453794062 2.215256929 -0.722919762
C 1.158318281 -1.207735538 0.991012156
H 1.897440076 -0.833488166 2.996414661
H -0.482138515 -1.831555486 -0.307006299
H 0.950484335 0.652687788 2.236148119
H -0.916790962 -0.722896755 0.927652657
O 2.273576975 -0.276611120 0.878601253
H 1.338301301 -0.920365274 -1.680140257
C -1.091362357 0.999353468 -1.273146152
H 1.526990771 -2.242989540 0.980989635
C 0.034110833 0.159054995 -0.781273782
H -1.011281133 1.394516706 -2.339753151
H -2.683822870 0.470993251 0.254093468
C 1.558575034 -0.402662307 2.053853750
C -2.477278709 0.913182795 -0.743212104
