19

H 4.587388515 -5.784542561 -1.795420408
C -3.358660460 -5.521366596 7.619128704
C 4.676696777 -5.888214588 -1.428810120
H 3.820305586 -5.424602032 -2.161980867
F 4.570879459 -7.392948627 -1.728986263
C 5.154593945 -6.056937695 -1.420243740
H 5.732122421 -6.366403103 -0.554161727
C 4.963182926 -5.055121899 -1.431575775
H 5.093090534 -5.957880497 -1.217521906
C 8.728451729 -5.390739918 -7.087149143
C 5.311192989 -6.152154446 -1.220363617
C -24.557739258 7.003514767 39.471565247
H 4.226570606 -5.629585743 -2.009856224
C -61.208755493 94.534980774 -8.774841309
C 4.767536163 -5.991536617 -1.769296408
H 4.245571613 -5.535858631 -2.226080894
C 13.279173851 -7.066246510 -9.295553207
H 5.508435249 -6.290908337 -0.929853022
C 4.459965229 -6.033451557 -2.038999081
