19

C 3.415948868 2.058740616 9.636507034
C -86.540832520 -34.163654327 69.323501587
C 37.584617615 89.059448242 -65.268112183
H 4.099138260 0.922660053 9.376238823
C -23.013280869 -131.707107544 -17.275360107
H 5.170612335 0.775386393 9.570652962
C -17.653285980 0.744756877 -126.669006348
C 5.255314827 3.397176504 8.719635010
C -36.351016998 -70.986785889 -52.811012268
H 3.927012444 0.008562289 9.827682495
C -19.255702972 6.824875832 20.899383545
C -6.558642387 85.771591187 102.865966797
H 6.008592606 0.822357118 9.284054756
C -47.214199066 119.357894897 -19.761711121
C 6.843452454 0.649130523 9.516454697
C 6.528966904 -3.088719130 10.172700882
C 28.497884750 -3.238305330 2.979401588
H 5.522510529 0.568847120 9.285593987
C 123.732910156 -67.776840210 0.327443600
