19

H 5.375798225 -8.268379211 0.357465923
C 5.208937645 -8.292072296 0.579362512
C 5.569126606 -8.556959152 0.637294590
H 4.073007107 -8.179758072 -0.556694269
H 5.213058472 -8.207744598 -0.199807391
N 6.062859535 -9.002355576 1.202846050
H 6.842110634 -9.286628723 2.620993137
C 5.961640358 -6.759640217 0.847732544
H 6.299036980 -8.530614853 1.745375395
C 5.022705078 -8.409683228 1.215459108
C 5.554408073 -8.998752594 2.092364311
C 6.580983162 -8.836364746 -0.080723271
H 4.788253307 -8.202335358 -0.201087818
F -101.742462158 152.733520508 -9.988969803
C 5.446188927 -8.297613144 0.384253144
H 4.765977859 -7.929632664 -0.641456842
C 5.766071320 -8.287197113 -1.425182343
H 6.532196522 -8.935951233 1.964715958
C 6.680089474 -9.751827240 -0.553941011
