19

F 56.285297394 59.778751373 -56.741439819
F 59.208530426 7.951539040 129.614822388
F -2.259258270 59.966182709 -44.068603516
F 8.453226089 4.487967491 -77.356918335
F -15.544508934 -127.734909058 37.375415802
F 2.387817860 40.371166229 -18.938856125
F -112.371353149 31.120868683 -71.763298035
F -28.496520996 40.681659698 9.898200989
F -3.708608627 -12.461095810 -40.196994781
F 17.360099792 -28.605419159 4.035194874
F -77.406333923 31.013450623 67.017196655
F 59.014949799 -9.625131607 7.202055454
F 38.795829773 -59.614177704 -12.203733444
F -3.709766388 -25.566551208 -29.111984253
F -35.983997345 -116.775588989 -52.283679962
F -8.928793907 34.953899384 1.354898930
F -6.114871025 101.761970520 90.145126343
F -34.007350922 -24.160373688 52.693256378
F 87.025611877 -7.544200420 3.329352856
