19

C -10.875162125 -29.937072754 6.321594238
F -84.122589111 -5.796943665 92.981887817
C -82.309341431 -53.950508118 -14.979858398
H -5.733889103 1.861536026 5.890406609
C -14.364627838 36.089881897 6.265822411
H -6.440689087 0.896718979 5.878762245
F 5.168470383 55.094177246 -116.519737244
C 70.889770508 125.138496399 27.652221680
C -9.394952774 -1.713681221 3.777317047
C 3.549901962 3.802103043 6.720535278
C -10.484451294 2.984471321 1.039036751
F -20.450977325 -89.501716614 -83.894622803
H -7.114784241 0.761832237 5.833600998
C -8.837205887 12.458373070 9.982627869
C -7.264946938 0.798748970 5.778871536
C -1.858736038 2.687022209 8.213733673
C 112.405349731 0.918922424 -46.388393402
H -5.444867134 2.396841049 5.726148605
C 82.683700562 -64.989189148 69.720046997
