19

C 3.065900326 -12.913597107 -6.223187923
C -1.964560986 -22.223436356 -47.194633484
C 28.655124664 14.194150925 76.985412598
C -57.741062164 35.918510437 -77.584266663
C -92.694664001 38.481475830 -37.872081757
F 5.937356472 -14.395511627 -61.014698029
C 58.055019379 -25.451597214 -21.773904800
C -38.427600861 -97.448608398 91.008499146
C 83.314956665 18.081497192 -32.089675903
C 77.805091858 -8.103128433 6.161984921
C -17.709423065 79.844429016 8.986146927
F -62.647861481 -1.499668598 85.974227905
C -65.108085632 -65.451400757 -26.262296677
C -42.700435638 -67.425117493 118.384353638
C 110.173980713 78.641357422 -81.962593079
C -107.078819275 111.517868042 -41.535358429
C 6.639932156 -64.861640930 4.426865101
C 125.170349121 33.690292358 80.470924377
F -12.745204926 -30.595876694 -38.885707855
