19

C 8.576748848 -0.087978363 -1.777744293
C -80.094566345 -38.168224335 68.802429199
C 14.679626465 12.143435478 -2.375927448
H 8.123212814 -1.170446515 -1.978774071
C -30.080610275 -139.843780518 -4.753324509
C 7.907660007 -2.707172871 -2.612911224
C -20.824403763 9.243885040 -112.794548035
C 31.918123245 57.487728119 23.074230194
H 9.128473282 -0.703561306 -1.786358356
C 6.458081245 -4.379790306 -2.315671921
C 1.041574121 -3.892110586 1.115400791
C -36.798107147 57.123348236 100.955627441
H 8.176419258 -1.522526026 -2.190450191
C -67.986549377 120.393768311 -43.590496063
C 7.493528843 -2.705187798 -2.402746677
C 8.151931763 -1.677789807 -2.496928215
C 12.930992126 -4.951570988 -3.733683109
H 8.020363808 -1.295206428 -2.272971153
C 103.177505493 -53.286823273 -6.865151882
