19

C -19.628110886 1.436031342 -12.495334625
F -63.382740021 -19.619003296 121.293579102
C 133.555313110 39.339595795 12.590774536
H -1.976656914 12.875813484 1.311744690
C 59.453960419 -113.724929810 0.519339085
H -1.731395245 12.664460182 1.199007034
F -0.989631176 45.830036163 -126.421623230
C 22.586404800 117.645698547 8.703811646
C -0.562776327 12.047783852 2.844674587
C 0.320004463 13.981442451 -0.115680695
C -55.253852844 1.566279411 22.656753540
F -23.470294952 -87.311431885 -96.136390686
H -1.595540524 11.669430733 2.087555408
C -2.866567135 21.935333252 -0.047552586
C -0.904265165 10.443331718 1.126787663
C 2.506003857 12.728419304 0.947482586
C -67.391983032 -93.760231018 58.140514374
H -0.640228271 11.665551186 0.792410374
C 21.972364426 -11.413603783 1.002136707
