19

F -81.081542969 12.467146873 19.610698700
F -12.781090736 86.871818542 57.673297882
F 85.644111633 56.089992523 23.728908539
F -89.806579590 53.535354614 3.200240135
F -23.055198669 -75.680595398 53.947353363
F 40.261245728 60.432704926 -29.853511810
F 3.272276878 16.116935730 -119.454406738
F -19.901416779 61.502147675 -14.970694542
F 27.565620422 -28.970237732 44.267730713
F 10.165068626 -50.040325165 3.675647736
F -27.135910034 -107.036384583 -30.433017731
F -58.965003967 -38.784366608 -34.822505951
F 9.262143135 64.840187073 49.420215607
F 32.076511383 -14.093838692 -63.408054352
F 26.551250458 17.437042236 -18.624679565
F -58.414581299 -48.744213104 -4.221572876
F -7.742741585 -8.428307533 130.582595825
F 84.557754517 24.002029419 10.341927528
F 59.528091431 -81.517082214 -80.660186768
