19

C -7.874800682 -33.813537598 -26.906345367
C -54.435760498 -40.821308136 115.116027832
C -86.254043579 -65.900588989 79.603668213
H 27.195594788 33.835807800 24.211549759
C -12.531317711 -12.984295845 -4.371599197
H -10.792037010 58.942523956 21.923488617
C 70.962448120 40.363410950 -91.847579956
C -24.196453094 -76.519424438 -111.541046143
C -11.040574074 30.404697418 30.432020187
C 116.132957458 55.610042572 -2.245306730
C -13.164422035 24.236503601 4.668657303
C -76.584358215 68.239624023 52.221637726
C -27.770996094 -16.823768616 -30.506507874
C 102.209716797 -24.074359894 64.791297913
C -18.751522064 24.630630493 -8.911969185
C -35.208366394 91.060882568 -81.149856567
C 69.402519226 -106.705505371 -19.456930161
H 3.380841255 24.935253143 0.480217457
C -10.679413795 -74.616577148 -16.511411667
