19

F 94.868690491 55.767555237 -15.873319626
C 29.216428757 -18.119016647 36.978542328
F 57.493293762 55.244506836 61.282474518
F -42.746803284 23.272424698 -145.951110840
F -54.853633881 143.525604248 5.168267250
C 2.569927692 0.846357346 33.570655823
F -47.607101440 -18.113784790 -38.022945404
F 59.121391296 51.365425110 -27.620756149
C 62.983985901 -10.287601471 3.193576336
F -58.809944153 -35.343620300 54.169399261
F -29.273069382 -94.737922668 -110.205863953
F -46.522655487 -59.062629700 22.472232819
F -66.319854736 -16.626516342 117.520965576
F 81.896522522 -91.448036194 48.102741241
F -16.587209702 -58.820877075 -19.064231873
F -126.584892273 50.214118958 -55.182369232
F -34.218715668 -2.200582504 37.382415771
C 103.192146301 58.350570679 -4.490263462
F 32.181472778 -33.825988770 -3.430435181
