19

F -48.255157471 -12.821128845 87.857612610
F -24.031831741 25.256559372 117.152435303
C 77.382484436 50.628787994 -58.412357330
C -53.357421875 -52.787086487 -46.852973938
F -45.831848145 -34.199432373 -67.004905701
C -1.280454636 14.292942047 -39.170135498
F -5.495458603 -83.213539124 129.877044678
F -64.523895264 90.760658264 12.850266457
F 50.843162537 35.815597534 -29.594158173
F 42.919799805 56.555477142 -60.577781677
F 5.634244919 -2.681379318 20.617755890
F 26.299360275 -146.638961792 46.306175232
F -95.418251038 -111.210556030 -17.872764587
F 102.499244690 -11.705093384 -28.002628326
F -14.063261032 127.394744873 18.883480072
C 5.103240967 -25.765933990 -28.879825592
F -69.979003906 35.517143250 12.287892342
C 12.733856201 27.579734802 -86.757385254
F 98.821174622 17.221443176 17.292232513
