19

C 0.328928232 -6.793448448 38.107906342
F -113.042121887 -40.277812958 72.833145142
C 15.356914520 97.641159058 -76.617584229
H -2.411842585 3.821083307 15.268808365
C -0.895441294 7.535072327 14.808994293
H -2.009698153 3.629796267 16.108634949
F -20.832521439 -13.633126259 -127.414627075
C 0.389979601 17.000772476 19.429473877
C -42.530944824 -113.215126038 -51.810638428
H -2.057605028 3.497795343 16.059207916
C -3.732126951 4.175802231 13.903795242
C -2.364604712 2.244391680 11.874502182
H -2.081820488 3.644467592 16.017221451
C -42.578254700 128.719299316 5.615250111
C -2.935039759 3.597033739 15.415035248
C -2.089550734 2.481280088 15.669670105
C 130.544219971 -22.810468674 -37.970043182
H -2.345358610 3.986257792 15.227119446
F 95.286895752 -85.244239807 7.474127293
