19

C 3.853700876 -2.243547916 -3.329034567
C -66.934852600 -12.266143799 105.315162659
C 3.910196066 -4.265777111 -3.336160421
H 4.207842827 -4.623591423 -3.094188452
F -20.717657089 -137.077774048 10.341062546
C 3.935066462 -4.648849487 -3.325214148
F -20.551490784 29.522418976 -146.446182251
C 4.995967865 -1.540530324 -2.453952551
H 3.953496218 -4.550339699 -3.359274626
C 3.787982225 -4.759745598 -3.348849058
H 3.864798307 -4.581810951 -3.293163061
C -33.053516388 46.104137421 116.361167908
H 3.986180544 -4.689542294 -3.153148413
F -51.360069275 144.879821777 -9.493513107
C 3.715739965 -4.249370098 -3.307430506
C 4.007388115 -4.612169743 -3.104648829
F 138.570236206 -14.430128098 -34.821372986
H 4.620108604 -4.228861332 -2.888565779
C 5.208894730 -7.738199234 -3.262699842
