19

F 45.790161133 -56.719959259 46.548648834
F -30.503791809 -119.559539795 42.745059967
F -152.734603882 -8.699449539 -16.650016785
F 21.234592438 35.544654846 -144.546203613
F -18.964046478 -67.732177734 -49.325733185
F -66.385696411 80.227920532 98.980529785
F -34.724689484 -1.918822289 -9.985264778
F -12.100277901 -10.979936600 66.361892700
F 102.228469849 40.101116180 38.646671295
F 97.462425232 67.338760376 31.746318817
F -70.605590820 -33.840873718 -117.751785278
F 31.753684998 -29.605501175 -73.878669739
F -56.255973816 52.772968292 98.204475403
F 97.152366638 -58.994174957 18.292289734
F 59.348857880 -36.359691620 11.800605774
H -12.605528831 123.086532593 -85.566154480
F 34.095104218 6.276126862 34.441497803
F -56.685104370 13.049852371 -13.092421532
F 22.499664307 6.012176514 23.028274536
