19

F -71.769912720 -71.872787476 -31.649068832
F 22.084617615 -95.175910950 98.178794861
F 113.856262207 46.578239441 74.371704102
F 56.489120483 -42.215782166 -18.718175888
F -14.035168648 105.590103149 -73.130317688
F 5.826287270 -7.631747246 49.097080231
F 59.498649597 25.742271423 -14.371721268
F -104.555122375 -22.535911560 -65.512474060
F -56.264160156 7.914290428 25.349519730
F -23.576400757 -8.415852547 19.604694366
F -27.512031555 -6.295289040 46.079811096
F -34.194042206 -29.455326080 46.792217255
F -2.050251961 12.383516312 33.973232269
F -62.381698608 119.054145813 4.319605827
F 65.913085938 55.154582977 -101.781669617
F 98.144554138 -30.542583466 21.720859528
F -34.887638092 60.120941162 -118.357658386
H -21.151729584 -19.369625092 2.269054651
F 30.565567017 -99.027282715 1.764539480
