19

F 11.378553391 -30.878314972 -3.087882042
F -71.425819397 -76.888221741 106.818870544
F -85.737396240 -9.307428360 5.081928730
F -62.096557617 -27.679851532 -7.025037766
F 13.832040787 24.579650879 -48.999519348
F 1.978940964 -1.809974670 31.896928787
F 12.986013412 -5.138832092 19.751457214
F 57.156860352 -79.794776917 -80.386604309
F 24.280092239 -56.560192108 -22.585996628
F 91.583656311 82.860382080 40.332191467
F 17.579832077 -28.971588135 58.660041809
F -96.204254150 5.493671417 -76.085334778
F 14.409963608 6.263538361 -16.086341858
F -9.223751068 25.415504456 8.730947495
F 120.941246033 35.016349792 -54.805587769
F 15.604906082 -5.857913971 -43.918388367
F 17.757673264 96.547805786 63.876045227
F 26.746175766 -48.090110779 7.293525696
F -101.548164368 94.800270081 10.538732529
