19

F -35.962493896 -50.416862488 -16.891906738
F -37.757080078 -93.271713257 72.413208008
F 14.246592522 5.915004730 -62.751358032
F 71.411415100 28.885957718 -31.384374619
F -59.836280823 39.544647217 -12.394675255
F -27.901334763 48.324577332 -0.167038918
F 8.202483177 -18.133655548 100.262809753
F 103.799186707 108.875022888 -61.566646576
F -51.302867889 -40.500083923 6.736516953
F 108.549217224 -9.809191704 -120.783218384
F -1.879759073 -54.041130066 -14.017977715
F -40.623535156 101.705520630 113.684806824
F -37.579013824 -4.063391685 55.512573242
F 53.857109070 -64.739555359 22.393592834
F -22.254995346 9.914175034 -11.466174126
F -55.608169556 -4.647083282 16.254713058
F 64.934967041 -6.768178940 13.730369568
C -20.976488113 -3.282981873 -25.036695480
F -33.318962097 6.508876801 -44.528541565
