19

C 81.896423340 -3.140743256 80.842666626
F -21.420820236 4.551170349 -4.227193832
F -24.137948990 51.254058838 139.443603516
C -39.449180603 -29.975839615 -98.458786011
F -38.233947754 -79.214469910 103.603286743
C -17.532455444 -7.091989517 -10.313156128
C -77.195404053 60.709457397 41.043148041
C 43.045059204 14.238605499 19.037494659
F -38.587661743 -2.316432953 -19.616075516
F -32.769916534 43.581176758 -22.406784058
C -37.764823914 9.108801842 -25.202367783
F 55.666992188 -103.855522156 -0.017810822
H -20.265251160 -62.517654419 58.975368500
F 63.102706909 -69.764907837 11.433277130
F -14.364290237 54.444534302 -38.123706818
F 92.908302307 14.582403183 -28.899169922
C -78.462066650 73.988296509 -41.546379089
C 23.121837616 18.726493835 -44.384658813
F 80.442428589 12.692577362 -121.182785034
