19

C -4.273492813 -1.425358176 -2.696732521
C -4.165116787 -1.326078773 -2.470670223
C -4.038043022 -1.177263379 -2.580704212
H -4.871497631 -0.959013104 -3.009683609
C -4.584303856 -2.574075699 -3.351354599
H -3.868361950 -1.248757243 -2.423038006
F -4.006820202 -1.213765025 -4.198101997
H -4.037377834 -0.964505315 -2.545511723
H -3.832838058 -1.582960963 -2.812146187
H -3.934058428 -1.170355201 -2.733093262
H -3.936680079 -1.336429000 -2.497624397
C -36.576873779 40.242244720 101.535858154
H -4.367335320 -1.180429339 -2.700097084
C -3.556169748 -2.438867569 -2.642575264
C -4.212157726 -1.256771922 -2.603209019
N -4.454984188 -1.101208568 -2.311364651
C 106.016075134 -16.286331177 -53.356472015
H -3.846849203 -1.361220717 -2.681893349
C -3.453099489 -1.638851523 -3.921580791
