19

N -0.039649695 1.502495289 -0.333499402
O 0.906330347 -0.137065500 -1.875840664
C -0.155610561 -0.947932482 0.200877443
H -3.239007711 1.275255203 -1.447357893
H 0.526467144 2.192506552 -0.756517470
C 1.145137668 -1.215858698 0.960216165
H 1.980980873 -0.785936534 2.949987650
H -0.466063470 -1.852703094 -0.308429420
H 0.939349771 0.571781516 2.255563498
H -0.914366722 -0.667878151 0.914922833
O 2.265206099 -0.308891475 0.867603958
H 1.368302703 -0.951882124 -1.655919790
C -1.088876605 1.029678345 -1.268341303
H 1.480231762 -2.256151915 0.960607409
C 0.055250295 0.162484780 -0.813309133
H -1.020684004 1.354870558 -2.302729368
O -2.778965712 0.465210259 0.313273579
C 1.505807996 -0.350790977 2.086641550
C -2.469841003 0.920808792 -0.747749984
