19

C -47.866836548 -5.923707008 -25.146921158
F -35.121280670 2.150435448 -26.167306900
F 155.061767578 -21.124034882 6.051000118
C -60.088954926 -3.232279778 6.368886471
F -38.389190674 -39.903926849 -34.831981659
C -85.479812622 84.569717407 55.182296753
F -29.712467194 -92.377922058 -3.146773815
F -9.793537140 17.943859100 21.849330902
F 150.246124268 6.592047691 74.576019287
F 92.043869019 3.350199699 5.969686985
C -16.047073364 -56.750083923 35.691043854
F 22.549030304 -43.319080353 -28.164537430
F -50.245529175 19.637508392 126.775978088
F 18.619930267 111.102279663 -74.583610535
C -35.095092773 -44.633136749 -97.070930481
H 93.035583496 51.194820404 -100.175453186
F -0.773969650 32.306846619 90.705772400
C -59.220611572 -39.670459747 -35.369861603
F -63.721973419 18.086906433 1.487366199
