19

C -7.393144608 6.806372643 11.113992691
F -86.697212219 -29.054779053 100.695976257
F 63.703338623 77.232078552 -78.822753906
H -9.572020531 7.021880150 10.324146271
C -3.040265799 -128.116256714 -16.258018494
H -9.643063545 7.114527702 10.468101501
F -26.794580460 -4.870121956 -126.144912720
C -4.778098106 18.092531204 17.630277634
C -11.516249657 0.210874319 5.754179001
C -10.651148796 6.987446785 9.985637665
C -12.971924782 9.736618042 12.235538483
C -13.313261986 -17.198060989 -4.790415764
H -9.577178955 7.207495689 10.697330475
C -52.416076660 138.655792236 -11.554672241
C -8.858145714 7.240926743 10.259620667
C -8.568570137 7.422920227 11.210300446
C 136.326126099 -13.443450928 -2.239623070
H -8.861653328 7.043259621 10.586685181
C 84.623138428 -108.090072632 18.848613739
