19

C -0.062990785 1.032724619 -0.558054745
O 0.921156585 -0.061768580 -1.789508343
N -0.107491702 -0.909836769 0.231091008
H -3.249081612 1.260113001 -1.429593801
H 0.421561837 2.325634003 -0.658719122
C 1.100338578 -1.054094791 1.046769381
H 1.892964602 -0.811104119 2.863975286
F -0.539718688 -1.912452936 -0.319856197
H 1.049962521 0.585389316 2.191833019
H -0.936081588 -0.725309789 0.929635048
N 2.295606136 -0.264997154 1.004143000
H 1.328824520 -0.829281271 -1.624315023
N -1.058212996 0.963101387 -1.197101116
O 1.663716555 -2.227855682 0.978948116
C 0.078371271 0.135147244 -0.774369478
H -0.925070703 1.427920341 -2.317281961
H -2.679965973 0.422831357 0.316308200
C 1.337390423 -0.309219807 1.813141346
C -2.531279564 0.953058958 -0.707044959
