19

F -55.885532379 -30.442623138 12.942720413
F 3.660099030 40.887996674 7.982099056
F 92.370346069 -69.689094543 -67.719375610
F -55.123229980 52.249649048 -103.110145569
C -60.201854706 -38.058490753 99.867202759
C 29.565063477 77.989341736 -17.515462875
C -30.158519745 7.970535278 52.979003906
F 72.650512695 14.136947632 76.442092896
F -17.172285080 -42.678874969 -150.268051147
F 58.721645355 -35.887001038 -85.762527466
F 87.056106567 -100.069221497 36.762599945
C -26.655693054 -90.710845947 -16.741949081
F -2.207630157 20.455184937 101.056488037
F -71.068542480 91.928932190 -30.697832108
F -5.587726593 6.271984100 -2.545486927
F 79.765136719 115.723358154 33.831184387
F 22.458824158 12.733394623 41.112667084
C -43.736488342 -36.494213104 67.196029663
F -78.450225830 3.683010101 -55.811279297
