19

C 82.610565186 -13.323574066 19.418045044
F 43.157501221 -23.408758163 21.158355713
F -89.061172485 -69.964607239 6.148267746
F 78.097831726 -61.801204681 88.544883728
F -34.524597168 -88.857368469 -80.695220947
F 41.854850769 -44.080970764 -124.323539734
C 34.503997803 81.154075623 1.841322780
C 19.631120682 96.462059021 -20.300054550
F -59.470062256 62.891273499 -110.389976501
F -83.822517395 5.992801666 79.499122620
F -104.759796143 -57.683746338 3.121385098
F 47.917480469 -81.936820984 -57.032329559
F -77.937301636 21.213153839 110.902076721
F 66.436813354 -96.933769226 3.309746742
C 61.115364075 63.655387878 12.957414627
H 75.881881714 79.367568970 10.461220741
F -107.555389404 -67.221382141 23.357975006
C 12.377973557 97.633735657 9.681210518
C -6.454509735 96.842117310 2.340077400
