19

C -18.406332016 9.350728989 -0.627109170
C -15.117812157 1.661009908 3.275083065
C 74.129333496 137.476318359 13.472709656
H -15.743126869 3.169083118 3.205880642
F -29.935499191 -138.204010010 11.468836784
C -15.920496941 2.818366051 3.026807308
F -33.176002502 30.115272522 -129.120330811
C -13.367735863 6.099426746 4.485765457
H -15.850211143 3.088065147 3.312002420
C -16.131155014 2.798540354 3.024368286
C -15.514364243 2.648159742 3.241156578
F -41.356819153 40.777667999 129.545761108
H -16.015028000 3.100222826 3.007247925
C -16.836084366 4.182083607 2.109568834
C -14.703640938 3.104884148 3.679097176
C -15.879054070 3.182844877 2.996096611
F 131.524688721 -15.391633987 -40.997303009
H -14.617176056 2.836661339 5.047536850
C 102.916503906 -102.813697815 -24.153192520
