19

F 6.811151505 -58.593345642 -23.403688431
F 16.490289688 -24.474103928 -5.587542057
F 104.496864319 -50.012443542 -100.463066101
C 49.294837952 37.115447998 -38.958091736
F -29.695600510 -21.968118668 86.401863098
C 33.337593079 -68.322937012 1.546871662
F -23.621124268 -57.407806396 -32.603218079
F 62.633811951 22.507749557 -46.569858551
F 81.430801392 -54.563385010 45.778450012
F -59.725387573 -14.743879318 66.923400879
F -37.476493835 -47.828964233 -54.383510590
F 0.616586685 113.511428833 102.047447205
F -31.444334030 5.179822922 102.494956970
F -58.388084412 64.088203430 -107.751724243
F -9.587180138 100.871261597 10.744920731
F 28.041269302 133.017898560 33.793098450
F 45.796981812 -88.359710693 -1.074217319
F -47.265274048 -62.806777954 -26.551286697
F -131.746704102 72.789672852 -12.384809494
