19

C -1.027533531 -55.256126404 10.001966476
F -95.196807861 -35.606727600 80.049179077
C -30.224147797 -99.536872864 39.141220093
H 1.033256531 11.397720337 8.575024605
C 51.565425873 82.792823792 -19.116752625
H 1.862580299 11.689229965 9.044119835
F -15.438830376 1.102254391 -126.517562866
C 11.458054543 57.938442230 22.745159149
C -52.154277802 -96.999786377 -60.076286316
H 2.395894051 11.334871292 9.032035828
C -40.307815552 15.165931702 25.646236420
C 22.156185150 33.982601166 29.621442795
H 2.135183334 10.591485977 10.020856857
F -41.634166718 130.859024048 -22.733675003
C 1.102169991 11.745210648 6.998674870
C 0.737561226 11.053005219 6.769897938
C 116.582504272 -13.569101334 -34.912322998
H 3.490130424 11.526403427 9.307202339
C 61.464626312 -100.210395813 -3.596421957
