19

C -7.061670303 -3.074429035 6.242610455
C -6.895789146 -3.993952990 5.266080856
C -6.714356422 -3.924295664 6.538259029
H -9.066952705 -2.629351854 5.333174706
F -7.646989822 -2.984308720 6.120429993
N -6.315632343 -4.606006145 7.413780689
H -5.748131752 -4.441491127 9.111396790
H -7.294440746 -4.940727234 6.454012394
O -6.227034569 -3.557319403 8.297660828
C 125.678047180 68.378204346 -119.094894409
C -5.166146278 -3.360365629 6.171507359
C -8.245211601 -4.123983383 7.353815556
N -7.725903511 -3.049407244 5.605998516
H -6.120849133 -5.404583454 7.514326572
C -7.058402538 -3.692365885 6.279882908
H -7.728196144 -2.764012575 4.953680515
N -8.835290909 -3.324703217 6.508838654
C -6.014721394 -4.244157791 8.087320328
C -5.812334061 -4.262744904 5.842126369
