19

H 1.410027146 -1.890783191 -0.100058138
N 1.852663755 -2.327656031 -0.667046070
C 1.517779231 -2.639520645 0.291564584
H -0.662463009 -1.945146680 -0.844968081
C 0.724518120 -2.402089357 0.126532406
C 2.300724268 -2.924185276 0.856305361
H 3.030430317 -2.711851597 2.553578615
O 0.995887935 -3.286174059 -0.190097213
H 2.593483686 -2.120659113 1.755590081
C 2.367248297 -2.018139839 -0.683673620
N 3.075612307 -2.554796457 1.224192142
C 0.811006248 -2.190688610 1.485580921
H 0.706168473 -1.993291020 -0.535943508
C -24.644321442 42.104091644 -3.743588686
C 1.355771661 -2.394654036 -0.104422569
H 0.653146207 -1.610991001 -1.378918409
C -0.332199156 -2.266242504 -0.923742056
C 2.842847109 -2.653212786 1.686435103
C -0.598331034 -2.174005508 -0.807321548
