19

F 55.339996338 45.789375305 -9.243759155
F -6.610486984 43.596748352 -23.015058517
C 37.504692078 13.285708427 -58.906753540
F -60.833770752 54.093177795 -118.423202515
F -39.852630615 155.645782471 29.742654800
C 111.799270630 58.739181519 22.193342209
C 23.990320206 -6.062170982 -51.549591064
F -103.709625244 -29.397579193 3.823535919
C 39.251731873 -73.999618530 -30.208211899
F -81.337745667 -15.863297462 55.209312439
C -31.489210129 -16.537616730 -11.672428131
F 12.955944061 35.138610840 -7.354276657
F 20.463304520 34.741191864 157.254714966
F 83.823509216 -81.649589539 36.070426941
C 13.274673462 -7.617850304 -16.404630661
C -100.106567383 -38.868618011 23.344011307
F -46.472015381 -65.575859070 19.362186432
C 40.350372314 -62.962009430 24.253097534
C 31.658224106 -42.495567322 -44.475387573
