19

C -106.310218811 -33.484851837 -69.883750916
F -70.256423950 -64.192398071 30.949533463
F 27.732553482 -62.435352325 -42.672622681
C -11.621435165 12.491241455 1.516982079
F -41.236553192 3.209945679 -47.730621338
F -23.641916275 -26.479236603 -50.134990692
C 80.107246399 -27.596811295 -35.993606567
F 13.745290756 3.773921967 -72.038879395
C 27.968030930 -18.913276672 -20.479986191
F 122.735008240 65.481056213 37.684421539
F 2.957134247 13.467750549 30.791505814
F -2.517560959 2.651359558 146.625488281
F -11.440710068 2.919633865 41.505485535
F -8.726034164 38.421207428 16.522146225
F 90.178451538 112.442924500 -11.956480980
C -27.432764053 -2.321010590 12.925376892
C 28.495401382 -17.551290512 0.197488070
F 4.489423752 -50.555145264 16.487089157
F -95.224906921 48.670333862 15.685435295
