19

F -86.864967346 10.528263092 32.667957306
F -10.662393570 75.415657043 60.934455872
F 81.894432068 21.823089600 18.775777817
F 93.066078186 -53.765136719 -30.186910629
F -14.397489548 -92.706420898 27.908521652
F 41.604961395 -48.653640747 38.212608337
F 8.205236435 43.191123962 -88.790802002
F -87.137214661 -29.600917816 -80.153862000
F 78.730400085 -20.133478165 -15.720932007
F -44.971824646 -21.579406738 -1.841413021
F -39.679073334 -7.662378788 -15.213880539
F -9.440721512 -19.862705231 -79.889419556
F -54.902133942 -1.637738705 86.465950012
F -18.315965652 108.914321899 -36.550827026
F -0.930938244 49.783740997 -3.263566494
F -51.164127350 6.170156002 6.139315128
F 20.527391434 -10.947807312 102.347007751
F 59.419288635 68.068222046 18.627107620
F 35.019069672 -77.344955444 -40.467082977
