19

C -21.316333771 -47.362323761 -10.907709122
C -70.143905640 -83.367187500 0.047981739
C 84.112571716 74.202705383 -61.544765472
H 94.326461792 -10.888635635 43.742156982
C -63.257461548 -89.730972290 13.494621277
H -13.063332558 65.268264771 36.805809021
C 5.849635124 16.325008392 -57.471084595
C 74.528488159 87.617919922 48.170230865
C 86.529769897 4.274636269 60.269531250
C -27.444538116 2.430469513 44.057289124
C -92.409835815 -0.866574287 -78.679748535
C -1.110776901 16.792301178 127.896850586
C -16.771841049 -15.744573593 -99.254348755
C -104.357749939 -24.381565094 -51.760116577
C 102.740524292 -14.286344528 27.094743729
C -44.745666504 -18.007427216 14.863389969
C 48.656539917 -114.476608276 -6.632727146
H 2.880389214 31.588874817 -36.749713898
C -45.002914429 120.612030029 -13.442382812
