19

C 40.006778717 -42.231704712 -17.531209946
F -20.715332031 18.157205582 4.839768410
F 88.719985962 -13.774719238 7.398559570
F -107.757186890 59.634597778 74.044525146
F -90.166809082 -95.177612305 4.426435471
C 51.866687775 12.666281700 -15.398487091
F 66.213676453 -11.980134964 30.672321320
F -84.961090088 43.115188599 -31.490329742
F -112.296829224 93.316986084 66.394515991
C 26.915840149 33.655006409 -61.678936005
F 50.398387909 -8.516125679 21.896606445
C 4.785746574 -18.530822754 -19.823827744
F 75.560821533 -33.645034790 100.704727173
F 39.402633667 -119.389938354 9.643991470
F 51.836910248 90.129058838 -86.840003967
F 66.170120239 -33.270065308 -24.852687836
F 13.859289169 10.911745071 -48.995555878
F -78.421684265 -67.562179565 -54.832550049
F -81.417945862 82.492279053 41.422130585
