19

C -0.374899030 0.483932018 -0.080887318
C 0.114019871 -0.792317748 -1.006033778
C -0.035576224 -0.726381421 0.362456322
H -2.661448956 1.501453042 -1.488054752
O 0.041300833 1.965155959 -0.301966071
O 1.008218646 -1.128083944 1.192901969
H 1.711359501 -0.772238731 2.812756538
H -0.274860501 -1.659406304 -0.195731223
H 0.985517621 0.394054830 2.220977783
C 0.301400900 0.034808755 -0.245215178
C 1.301866412 0.125257611 -0.086003184
C 0.873342991 -1.102609158 -1.432461858
C -0.931716204 0.909851134 -1.011442184
H 1.417877078 -2.067955494 1.062769294
C -0.063791215 0.080128670 -0.318695545
H -1.057738304 1.322015524 -1.916619897
H -2.180399895 0.634573698 0.025607765
C 1.008221865 -0.468893290 1.886800647
C -1.182696223 1.266654730 -1.481160402
