19

C -13.980106354 0.550631046 -1.006601095
C -99.738700867 -45.381580353 85.006515503
C 71.103858948 85.017051697 -79.952575684
H -2.758512497 -3.237183571 3.126975298
C 2.422076702 -143.390136719 -15.498991966
H -1.855829954 -2.842165470 4.153993607
C -32.958213806 -5.932835102 -133.150192261
C 2.998105049 10.713003159 10.571338654
C -6.695995808 -7.201037884 -1.193143606
C -6.431529522 -4.452307224 2.775709867
C 0.061730444 -3.591024876 2.174383402
C 6.233368397 64.918296814 110.023597717
H -1.074101210 -3.575832844 4.153501511
C -70.912300110 122.946815491 -34.235099792
C -0.190609396 -4.042049885 3.716004133
C -1.511904001 -4.196066380 3.555890799
C 98.123573303 -62.391082764 -38.990535736
H -0.885864675 -3.435362339 3.501011133
C 58.050956726 9.522859573 71.268188477
