19

F -75.421119690 -50.231853485 81.613868713
F 3.526835918 -3.821287394 118.375885010
F 103.937660217 42.777584076 -51.640457153
C 11.754867554 -7.833190918 -3.059280396
C 4.724960804 -117.346229553 -28.546020508
H 5.448664665 -5.312081337 2.178048134
C -23.886714935 54.553180695 -97.431037903
C 75.692146301 20.481140137 89.435890198
F -38.760704041 25.426063538 -111.514259338
C -112.759407043 -31.142662048 -34.547512054
C -61.336700439 80.465660095 -30.701469421
C 11.420959473 22.894760132 -0.343712807
C 10.120141983 41.785980225 -17.097438812
F 45.173446655 -109.274589539 -5.295042038
C -9.940891266 9.736630440 -4.301607132
C 27.225496292 2.895201445 8.236002922
C -80.001556396 81.051414490 45.271278381
H 6.053192139 -0.818522692 1.704444885
F 97.028739929 -56.287242889 37.662418365
