19

C -0.238672972 0.007420450 0.089782417
C -0.928778410 -0.028193563 1.045285702
H 0.140970647 0.090597332 0.249250591
H -1.480904460 0.517425299 -1.157322407
C -0.779494643 -1.867753744 0.051116168
H -0.041638374 0.016333789 0.306581616
H 1.016082525 -0.329979658 1.523249388
O -0.024024010 0.290316999 0.331944585
H 0.404625714 -0.324891448 0.643221200
H 0.265798390 0.001599789 0.308444262
H 0.167961895 -0.056325316 0.325428307
C 0.122201860 -0.122802794 -0.494198203
H -0.065876424 -0.185008883 -0.367203683
C -0.839476824 2.224225998 -0.120069087
C -0.116474330 0.066321641 0.084471345
H -0.648583055 0.274959862 -0.641387641
C 1.729586601 0.217188865 -1.297874331
H 0.232328355 -0.114872038 0.581252635
C 1.084367514 -0.676562369 -1.461972594
