19

C 2.399278879 -7.306386948 -3.392013788
C -75.931304932 -9.618659019 122.530319214
C 3.057214022 -7.912751198 -2.833203554
H 3.138449907 -7.997074127 -3.549767733
C -9.568743706 -69.188034058 3.015723944
C 2.923038721 -7.863736153 -3.157695532
F -13.456916809 30.132001877 -136.827697754
C 3.007883787 -7.682119370 -3.406885386
H 2.588156462 -7.762624741 -3.371007681
C 2.672701597 -7.994871140 -3.446712255
H 2.536217451 -7.930248260 -3.315527678
C -31.572162628 48.966747284 108.919128418
H 2.970791578 -7.781785011 -3.531487226
C -46.260730743 109.438247681 -12.934492111
C 2.806333780 -7.660395622 -3.312516451
C 3.035198927 -7.905510902 -3.374387026
F 139.370849609 -8.319201469 -41.880973816
H 3.085855722 -7.804364204 -2.869187117
C 3.197883844 -7.809233665 -3.261610270
