19

C -36.358394623 6.924860001 -12.092821121
C 68.242996216 -43.184753418 93.531761169
C -45.474842072 -82.519416809 81.601287842
H 25.676942825 6.488533020 4.726242065
C 11.422473907 117.078994751 41.613941193
H 10.628652573 11.715780258 3.795364380
C 39.934299469 29.021884918 -116.154937744
C -42.308265686 -95.871597290 -49.457363129
H 36.449451447 12.255184174 36.418151855
C 7.567688465 22.206153870 -12.023674011
C -2.962627411 13.977222443 -29.026384354
C -19.459415436 -87.421676636 -75.340087891
C 44.150356293 8.951097488 -6.235434532
C -5.230203629 18.254894257 -15.298007965
C -2.949260235 15.485715866 -3.001242638
C -15.095325470 3.329364061 33.743587494
C -117.737922668 45.139667511 18.206895828
H 11.329315186 7.927775383 1.632647634
C 32.174079895 -9.759692192 3.360079050
