19

C 106.052383423 76.419136047 -53.958755493
C 4.574275017 7.819480896 -19.344621658
C -44.470394135 39.371280670 -125.153358459
C 35.911991119 20.911739349 4.165717125
C -54.714744568 -35.177032471 -68.161270142
H 4.495926857 56.102104187 66.926521301
C -38.809482574 -31.120365143 125.303527832
F -30.337837219 -4.468499184 6.556115150
C 31.923191071 66.785697937 44.840404510
C -98.537338257 -72.383766174 -55.698192596
C -38.258049011 0.250844955 -45.608181000
C 116.070533752 -63.654224396 -33.301872253
C 9.294330597 14.957081795 28.042287827
C 21.566200256 -124.101997375 15.562471390
C -54.147880554 -14.171788216 -69.179222107
C 55.087062836 -86.965332031 84.773841858
C -20.239788055 99.915275574 88.538536072
H 9.727276802 19.040359497 -3.532814026
C -15.187647820 30.470001221 9.228898048
