19

C 3.348469496 0.106329203 2.964567661
C -87.718826294 -41.625328064 68.737358093
C 68.419059753 114.401428223 -55.137710571
H 2.831535578 -7.834148407 0.607056141
C -23.191232681 -132.788879395 -9.644635201
H 2.873583555 -7.944518089 0.430415154
C -24.862428665 2.338473558 -112.168914795
C 18.302320480 21.873014450 12.024508476
C 2.591822147 -8.851503372 -0.335823536
C 2.286657810 -8.671362877 0.316125393
C 0.360013962 -8.944943428 0.967586994
C -28.947460175 52.137481689 120.767616272
H 2.931510448 -7.720887184 0.555858135
C -65.972274780 123.324264526 -35.659225464
C 2.598426819 -8.499657631 0.231566429
C 3.048655987 -7.770617485 0.355662346
C 3.515468121 -8.948696136 0.536128998
H 2.972167492 -7.193682671 0.741649628
C 114.612525940 -57.386775970 3.710214615
