19

F 10.669811249 -115.464721680 0.764727592
F -82.706497192 -52.104663849 71.802955627
F 68.504554749 -26.437244415 -20.175157547
F -92.605247498 12.490520477 0.091358662
F -45.608207703 107.386093140 14.454502106
F 30.130636215 -37.098796844 -33.329055786
F 40.587013245 -7.003925323 -113.696327209
F 48.192070007 57.222484589 -83.846138000
F -71.831954956 -6.747375488 -60.958580017
F 62.202850342 74.323043823 44.000476837
F -23.649271011 31.418395996 85.073616028
F -1.499553680 35.340930939 92.294105530
F 2.773696899 -38.637138367 -70.440956116
C -96.371498108 6.339988708 -31.343320847
F 24.147031784 78.858474731 -2.060146809
C -44.828399658 -34.769027710 -6.393669605
F 18.991331100 -73.349975586 38.322872162
F 61.787567139 -30.478210449 31.462068558
F 91.114128113 18.711200714 43.976684570
