19

C -5.895526886 13.303314209 -0.883275270
C -96.047309875 -38.296882629 94.667198181
C 65.499107361 84.315757751 -29.606395721
H -9.663330078 1.717323303 1.656640291
C -45.291790009 -147.086181641 -8.432267189
C -9.673168182 1.112699986 1.666457057
C -39.405540466 29.784265518 -113.098304749
C -9.288133621 1.765671253 1.872372389
H -9.367294312 2.004588366 1.890194893
C -10.250114441 0.132320881 1.765394688
C -11.775232315 0.104883671 2.228653669
C -40.842899323 87.085533142 106.391998291
H -9.558885574 1.881227255 1.803080797
C -10.629603386 3.941583157 0.999525309
C -9.729113579 0.574755669 1.662746191
H -9.677727699 1.442968845 1.672934055
C 132.538879395 -13.953237534 -62.295120239
H -9.560482025 1.806700706 1.404955506
C 138.618164062 -31.637292862 -5.366786003
