19

F 146.682418823 5.626631737 36.690101624
C -19.785179138 -60.119579315 -4.838661194
C 0.937387705 3.416562080 67.598808289
C 69.733726501 41.059707642 82.009071350
C 46.338226318 65.159774780 -67.774459839
F -140.710220337 -13.965402603 2.498151779
C -94.722503662 24.122205734 -33.410411835
C 3.256039381 -70.501594543 10.335496902
C -88.438926697 -3.067936420 -121.149078369
C -106.560905457 22.661476135 67.741950989
C -4.755052567 -40.595146179 -43.137165070
C 50.942214966 -133.599212646 53.538917542
C -6.901302338 -5.112745285 -15.724594116
C 59.977294922 40.758899689 68.742385864
C -18.389551163 -16.548748016 28.243377686
F 125.533638000 29.022306442 -54.709682465
C 4.967337608 0.028118610 -109.941993713
C -6.755269051 82.768775940 15.134895325
F -21.349384308 28.885900497 18.152908325
