19

C 80.647422791 61.568115234 -47.913372040
C -10.846045494 -69.927101135 -34.520069122
C -113.833564758 3.895561218 -46.480754852
C -6.832699776 -47.893199921 -7.166570663
C -44.441272736 108.987083435 -27.652645111
H -15.661309242 11.750172615 87.673782349
C -29.835590363 -45.210346222 110.020523071
C 98.188011169 51.671806335 16.132762909
C 43.663642883 12.696533203 103.246238708
C 85.390937805 69.216087341 -15.694436073
C 110.832069397 -31.990974426 -33.593700409
C 34.233070374 -97.466636658 -19.708570480
C -10.819367409 -46.028717041 -7.735400200
C 3.440026760 -68.667495728 -17.406847000
C -37.234237671 51.468955994 -101.525749207
C -63.342651367 -22.484304428 -79.457939148
C -30.582244873 26.851486206 102.515953064
H -33.865261078 -40.771850586 -26.230632782
C -59.100921631 72.334823608 45.497421265
