19

C -61.624301910 -33.704799652 24.274497986
F -57.875373840 13.986671448 16.754512787
F 55.394084930 117.023880005 -37.116981506
C -78.417709351 -31.313083649 -3.762845039
F -12.521077156 -111.193145752 62.011337280
C -14.863398552 -80.092910767 -36.308410645
C -7.086133003 8.827812195 7.615792274
F -23.812351227 -43.179897308 -66.335197449
F 16.483833313 25.446300507 69.792289734
F -53.019042969 44.896247864 -143.029785156
F 68.518775940 124.957580566 35.552913666
F 9.043839455 12.534725189 101.858192444
F -62.109401703 25.949985504 61.634605408
F 12.639183998 -37.471065521 -58.527053833
F 81.461166382 -99.833877563 -66.498870850
H 110.998886108 86.374313354 42.650001526
F 98.381500244 33.241733551 2.973101616
C -64.132484436 -9.744550705 -8.412553787
F -17.459991455 -46.705886841 -5.125545502
