19

F 42.960102081 -49.334693909 -48.781463623
F -101.147857666 -79.137573242 94.072402954
F 40.906147003 -94.076385498 3.551767349
F -9.054134369 44.291606903 -72.412704468
F -30.222984314 -15.990175247 -73.329589844
F -31.179004669 59.722606659 44.671463013
C -53.688045502 -37.449192047 15.525224686
F 95.122634888 47.037662506 -105.725021362
C 6.058189392 -62.402080536 -55.639595032
F -17.378616333 -65.924507141 19.258169174
F 14.207605362 -22.575508118 16.070411682
F 74.880981445 8.178840637 113.422569275
F -17.068462372 7.387722015 -19.138711929
F 92.115142822 10.762050629 25.230489731
F 28.926059723 140.575149536 -52.313644409
F -12.545654297 43.762508392 76.511146545
F -33.438980103 61.874439240 88.086990356
C -12.798904419 -27.376949310 -54.153984070
F -76.654220581 30.674446106 -14.905878067
