19

C -16.887992859 -112.643211365 -26.768512726
C -96.695396423 -27.839393616 60.738746643
C 87.355110168 76.523025513 -39.644363403
H 83.883094788 2.045815945 54.022399902
C -66.257560730 101.309524536 17.383880615
H 4.873007298 65.658508301 50.746974945
C -93.023048401 -48.432315826 -19.667758942
C -28.426834106 -64.003135681 97.362586975
C 55.907356262 49.753612518 93.347007751
C -7.668699741 -19.668909073 97.650505066
C -6.365336895 -16.946641922 -43.673110962
C -57.774990082 -87.982742310 -55.248775482
C -11.012800217 -27.754720688 -78.701599121
C -29.612163544 1.001681447 -43.718410492
C 87.535041809 1.795671344 35.497852325
C 9.564985275 45.898559570 -84.130867004
C 108.849464417 -53.350330353 1.412646174
H -1.970560551 13.655208588 -60.182678223
C -22.272668839 100.979797363 -56.426544189
