19

F 35.040935516 119.852981567 -4.160089493
C 21.901731491 56.538299561 57.917797089
F -64.042861938 -63.870456696 86.269165039
C -3.639106512 -9.704928398 -5.969903469
C 41.976634979 -129.633972168 -13.899722099
C -3.966837168 -21.339851379 11.648608208
F -26.102268219 43.095340729 -122.691551208
F 57.932140350 30.996791840 -80.280525208
F -56.576274872 33.009300232 -114.630462646
F -53.542530060 -30.667041779 -42.532447815
C -8.411949158 -0.545447350 17.311340332
F 109.343055725 -5.924246788 92.748229980
C 2.084739447 7.843274117 6.703164101
C -7.882816315 -6.510928154 2.568963051
C 8.071385384 -1.947230339 14.740389824
C -7.742798805 -4.418951988 5.818804741
F -130.714218140 43.196701050 45.576957703
H 0.279344082 -2.658668518 16.766975403
F 85.991691589 -57.310981750 26.094291687
