19

C 14.784939766 6.681894302 -8.781435013
F -54.509311676 -32.760765076 115.759872437
C -105.013885498 29.147272110 -88.249679565
H -1.978275657 5.995651245 14.167146683
F 68.103805542 -116.730751038 3.990463257
H -4.773408890 6.817733765 16.788034439
C 48.040065765 8.990736008 -107.083648682
C -45.624366760 -100.688774109 -56.448684692
C -2.519726515 21.477832794 52.399772644
C -26.813526154 39.916500092 -1.211157084
C -43.584476471 -4.790576935 40.356903076
C 5.719926834 10.562358856 27.272840500
C -7.017085075 0.399994135 5.591992378
C -2.824987173 126.339317322 -19.310304642
C -3.355699301 2.735026598 20.303358078
C 37.341777802 120.288963318 -36.815109253
C 89.699661255 -57.147327423 8.358829498
H 1.603494406 5.936461449 17.778413773
C 32.721080780 -73.171562195 -4.867630959
