19

C -0.015228152 1.488164186 -0.382733405
N 0.905515134 -0.123553589 -1.886399627
C -0.128920019 -0.849292755 0.174359113
H -3.204399824 1.226538062 -1.454957008
H 0.460485220 2.264044046 -0.703088224
C 1.136713386 -1.115877986 0.974628210
H 1.889633894 -0.836525619 2.921740055
N -0.495426953 -1.885462642 -0.328857750
H 0.974330127 0.639077723 2.193868637
H -0.930275857 -0.680268526 0.882419109
C 2.083302975 -0.524106622 1.189881325
H 1.352111101 -0.920726359 -1.685024858
C -1.056753159 0.992140830 -1.302612424
H 1.582949877 -2.199594259 0.926030040
C 0.028739154 0.129776448 -0.732281744
H -0.973567903 1.366356969 -2.332475185
H -2.629369497 0.464354604 0.279498279
C 1.519749165 -0.395247877 2.047036171
C -2.499589443 0.960202694 -0.781030536
