19

C -43.750526428 -84.945220947 15.847084045
C -10.746971130 31.671403885 -113.061706543
C 77.484840393 -4.244768620 -91.173118591
C 63.342502594 -40.904014587 43.695968628
C -68.724296570 -39.083488464 14.268304825
H -9.957012177 56.271102905 37.076969147
C -58.149341583 -99.613494873 -2.022617102
C 80.600738525 85.249923706 27.387887955
C 59.752193451 -9.218370438 97.392257690
C 100.127769470 56.645004272 -26.682031631
C 65.562141418 13.157943726 90.713287354
C -15.253597260 51.304870605 49.520111084
C -31.844924927 8.689819336 25.881204605
C -74.259262085 77.993003845 -28.012079239
C -101.329887390 -37.886772156 -23.069965363
C -104.449424744 5.469681740 -62.532943726
C 66.901306152 -102.351341248 -29.381898880
H -0.001138311 34.145332336 -37.858703613
C 4.694872856 -2.350621223 12.011997223
