19

F -28.412172318 -1.856812477 -31.367549896
F 118.099380493 66.145790100 31.136665344
F 22.510553360 -88.058837891 64.052085876
F -68.512771606 -69.800956726 -4.390662193
F -62.431396484 -75.935134888 103.913688660
F 48.630561829 38.119613647 8.509014130
F -18.900548935 27.584917068 1.832967758
F 24.148416519 26.702417374 -64.251716614
F -78.403007507 -49.665786743 -5.821518898
F -1.340029240 -118.268196106 -38.319995880
F 2.307923794 42.667747498 7.460037231
F 84.169570923 -52.122505188 -47.915283203
F 28.438703537 22.629598618 -3.377527237
F -42.684452057 29.384767532 12.576208115
F 4.629128933 8.862245560 -122.467704773
F -87.298332214 31.920534134 -41.301490784
F 61.488754272 26.615846634 128.297515869
F 31.263650894 71.405502319 47.009757996
F -37.703952789 63.669235229 -45.574462891
