19

F -0.179221392 32.984283447 66.215339661
F 51.861095428 4.891303062 132.089950562
F -146.645614624 27.058973312 12.992287636
F 16.798093796 -46.078224182 -61.523002625
F 48.537601471 80.318267822 -17.820772171
C 25.559747696 -6.611680984 -55.982669830
F -44.808437347 111.364654541 13.138282776
F 9.177730560 2.662693739 -18.722827911
C 41.470623016 39.944458008 0.483374238
C -37.573863983 36.930820465 -111.242195129
F 1.296849966 -11.862093925 4.918038368
F 43.351833344 5.563082695 33.061458588
F -16.882116318 -23.737558365 41.158756256
F -22.672050476 -4.171200752 23.602571487
F -35.212329865 -136.940826416 10.705732346
F 31.567913055 -41.001571655 0.981007695
F 0.260944128 65.103561401 -75.083549500
F 80.868560791 -101.553443909 57.515979767
F -46.777370453 -34.865486145 -56.487762451
