19

H 4.419879913 -8.700283051 0.857535183
C 4.148047447 -8.702694893 1.157706022
C 4.841195107 -8.740530968 1.294174910
H 3.052316666 -8.747725487 -0.007415950
F 3.971926689 -10.845868111 1.082803965
H 5.221021175 -9.066145897 1.799381018
H 5.870455742 -9.336964607 2.874069452
C 4.703310966 -7.640266418 1.364912271
H 5.477192879 -9.053481102 1.986230373
N 4.449924946 -8.979109764 1.293425083
H 5.453805923 -9.043537140 1.924108267
C 5.445117950 -10.013070107 0.535329044
H 4.268670559 -8.953841209 0.677533209
C -85.682205200 163.164627075 -20.060245514
C 4.485191822 -8.816127777 0.842848122
H 3.906682968 -8.581215858 0.167927086
C 5.164835930 -8.721119881 0.356955469
H 5.353077888 -9.158873558 2.028080225
C 5.449562073 -10.063767433 -0.175357163
