19

C 37.459159851 41.398345947 -67.331459045
C -16.600355148 -105.256851196 71.510971069
F 26.680459976 -44.666938782 -4.792734623
C -10.435331345 6.262949467 55.273506165
F -110.256439209 -7.602157116 35.091224670
C -32.605346680 -73.822807312 -132.697891235
C 10.657449722 -31.432640076 12.122262955
C 53.242584229 -20.494949341 5.204113483
C -19.607336044 -24.423456192 47.509735107
C 16.390596390 4.345261097 -22.610521317
C -12.974802017 7.011734009 -0.995998859
C -12.266118050 -51.361465454 53.838634491
C -118.556098938 87.746551514 -11.718816757
F -4.023472309 131.851440430 -11.089206696
F -31.279130936 11.010856628 -7.606952190
C -11.669886589 -11.534351349 -42.234043121
F 64.682189941 -46.231300354 100.613746643
C 73.634231567 76.831512451 -37.682571411
C 97.527641296 50.368263245 -42.403999329
