19

C -78.871444702 -55.668819427 89.043373108
C 20.807277679 -21.573827744 120.932319641
C 100.361389160 28.913228989 -78.365753174
C 4.714795113 -20.028175354 15.881406784
C -20.667125702 -47.752349854 -88.623725891
H 9.813106537 31.535903931 57.236198425
C -40.345642090 50.481437683 -38.376380920
F 27.438800812 12.280773163 5.430281162
C -62.291736603 32.272590637 -105.116966248
C -69.274169922 95.716850281 -19.753915787
C -90.621856689 59.442447662 -58.070301056
C -61.590366364 0.394791603 -30.647733688
C 21.572235107 16.819101334 4.051184177
C 34.713054657 -120.029243469 -1.662992954
C 100.350555420 33.829315186 -5.730624676
C 48.043254852 -7.842116833 99.159965515
C -35.073024750 19.406629562 -17.681043625
H 0.038895607 -47.369525909 -8.208957672
C 90.881958008 -60.829006195 60.503669739
