19

F -87.903404236 2.666178703 -37.953777313
F -35.652511597 73.063270569 -93.767822266
F 11.110036850 47.576599121 34.360038757
F -40.434196472 31.269046783 82.066421509
F -54.619476318 -123.101325989 23.722171783
F 58.284523010 -95.375610352 -55.092494965
F 24.151899338 103.883659363 -82.351699829
F -18.992132187 -31.345169067 10.198518753
F 104.067687988 12.441910744 100.081741333
F -65.318840027 17.808685303 17.240222931
F 78.288002014 126.430847168 23.898069382
F 71.281280518 -66.646537781 -79.049263000
F -54.358131409 -20.793491364 106.245773315
F -61.803962708 18.498493195 78.662925720
F 65.179687500 -78.438850403 -99.443313599
H 26.578748703 47.084640503 -40.913097382
F -84.525146484 2.392281532 -71.821418762
F -55.288963318 -8.137303352 41.257835388
F 119.954887390 -59.277324677 42.659145355
