19

C -44.465908051 -26.303564072 -35.807762146
F -91.637023926 39.127349854 42.552162170
F 129.786285400 39.979934692 32.731903076
F 47.166721344 -22.930673599 -75.699317932
C 36.354221344 43.953392029 -17.149774551
C -5.579843521 -28.010049820 15.912972450
C 2.847518921 -15.755277634 -42.175331116
F -61.422866821 -119.722717285 -6.018499374
C 5.342540741 3.304151535 -9.927324295
C 57.451206207 -52.114791870 16.860370636
F 44.480869293 102.657135010 60.447158813
C -7.383022308 -19.708913803 -2.973503113
C 24.060768127 -17.683233261 -21.836345673
F -32.909450531 35.100021362 17.867486954
C -9.004550934 -23.887594223 88.629287720
C 6.345535278 -80.376724243 46.437774658
F -9.304697037 20.839876175 -137.406692505
F -16.620557785 17.519674301 72.297958374
F -75.507743835 104.011993408 -44.742538452
