19

F 97.049942017 92.469787598 -42.857440948
C 6.384199142 -26.647460938 -16.659791946
C 26.073675156 -20.559944153 -10.488962173
C -28.792917252 -4.297967911 -32.801628113
F -24.271738052 125.269439697 68.535614014
F 53.681076050 51.546894073 47.687534332
F -33.218261719 38.792751312 -108.412322998
F -97.364471436 -65.189941406 -31.591876984
C 9.573064804 -47.822834015 8.049568176
F 22.701837540 20.515632629 -14.230714798
C 28.030889511 -59.276245117 -28.441478729
F -93.350166321 9.100604057 38.549564362
F -4.015722275 -30.374641418 139.320587158
C 23.326993942 -5.229332924 -39.839584351
C 20.978139877 -56.128704071 -21.110305786
F -107.581672668 25.060859680 -28.454135895
F -88.220336914 17.515316010 -42.589649200
F 103.772750854 42.838108063 79.420578003
F 85.242767334 -107.582321167 35.914459229
