19

F 118.094078064 -3.078166962 21.787174225
F -119.986915588 47.717876434 35.694587708
F 86.437561035 -30.253417969 38.140693665
C -15.764636993 -4.918414116 -23.366592407
C -7.184069633 8.489892006 9.752182961
F -18.518386841 -11.106641769 9.534957886
F -5.870253086 -35.895160675 43.841320038
F -33.983901978 -69.095123291 -7.589024544
F -99.279357910 80.834991455 34.209197998
F 24.989700317 137.403579712 -11.871960640
F 75.838882446 88.736831665 32.180675507
F -53.525817871 -63.349430084 -118.900222778
C -20.567138672 -24.451694489 29.685417175
F -22.133899689 -112.468902588 51.281734467
F 56.420757294 2.404659748 -117.508377075
F 50.866748810 -15.432727814 9.813706398
F 10.082264900 35.134525299 -133.383102417
C -18.084239960 -0.412340164 40.838226318
C -7.831376076 -30.260322571 55.859416962
