19

H 0.201585993 0.868344188 -0.441893876
H 0.431771278 -0.100044340 -1.139037490
C 0.076527104 -0.565484166 -0.008269370
H -1.846195340 0.687061191 -1.433903694
F 0.392871857 0.577084184 -0.234234452
H 0.835010350 -0.929607272 0.731287122
H 1.469181657 -0.609832287 2.242463589
H -0.308795631 -1.313621521 -0.417588234
N 1.140466332 0.416365653 1.438886523
C -0.371147215 -0.016480118 0.561486602
C 0.398214519 -0.343510300 0.985032678
C 1.663734317 -0.579052091 -1.045469880
H -0.489059031 0.669924498 -1.221924305
H 0.926313341 -1.502116561 0.861316800
N 0.214580521 0.032864422 -0.644134879
H -0.398809612 0.974280715 -1.667156100
N -1.286575198 0.034607381 -0.505120814
C 0.932789803 -0.272304446 1.152991891
C -3.982465267 1.971520543 0.785267711
