19

C 90.799560547 -44.742221832 -8.717819214
C -5.115791798 16.631725311 -22.883499146
F -14.476535797 -25.574028015 -74.727043152
C 44.664440155 -16.031469345 93.791465759
F -23.553255081 99.660003662 -13.372632980
C 15.114595413 -50.888442993 -57.591384888
C 57.976730347 50.431137085 27.125236511
C -10.855936050 44.183219910 65.019096375
C -39.065734863 -14.622108459 35.360923767
C -52.988315582 -22.879880905 -11.755878448
F 83.275650024 -107.794837952 -20.675708771
F -127.541244507 41.451530457 27.644340515
C -35.567378998 75.877922058 27.931690216
C -32.142715454 -39.474067688 -7.249501228
F 53.939777374 43.128967285 42.316200256
F -61.771045685 16.039756775 23.244518280
C 35.116405487 -115.588699341 -22.886466980
F 53.911437988 20.075397491 -92.593605042
F -31.720643997 30.116065979 -9.979927063
