19

C -4.597449303 10.597713470 0.936139166
C -22.961744308 -13.731149673 18.936050415
C 26.352840424 64.247177124 -16.420625687
H -8.587515831 1.252301455 2.848740578
C -41.198371887 -128.641128540 8.429143906
C -9.017748833 -0.793620586 3.166229248
C -37.556274414 32.992279053 -110.577491760
C -8.203021049 1.736446857 3.059303284
C -8.508276939 1.620941639 3.091662407
H -9.216351509 0.182613373 3.362055302
C -8.616833687 -0.423044682 2.900221348
C -48.267429352 61.913719177 124.992553711
H -8.545347214 1.495285988 2.890252590
C -17.521984100 25.260763168 -0.173563421
C -8.798679352 0.141854763 3.143110752
C -8.757930756 1.791872978 2.601905823
C 111.309463501 -12.173269272 -34.569942474
H -8.520184517 1.490486622 2.723185539
C 121.212852478 -48.961227417 -21.338909149
