19

C 19.314065933 -45.857727051 6.788801193
F -42.833541870 81.283180237 86.794227600
F -105.491706848 -50.838752747 22.997949600
F 61.771286011 -31.497764587 -2.434208393
C -40.387977600 -68.612983704 -3.519461632
F -153.128692627 6.925042629 -18.470346451
C 10.008131027 -35.922695160 43.432975769
F -64.357650757 129.216690063 26.714206696
F -45.288749695 90.228324890 -105.944969177
C 43.025520325 92.367469788 -83.834175110
C 53.541458130 -51.202758789 32.759361267
C -1.870407104 -56.585727692 -19.745468140
C 15.653577805 -48.103782654 -0.811351299
C 25.918058395 -37.343273163 23.405508041
F 90.393775940 62.235527039 -100.197807312
H 79.947387695 1.885581017 38.028732300
C 42.897171021 -50.592193604 22.678436279
C 22.281942368 -28.777381897 27.294551849
F -11.393648148 41.193210602 4.063028336
