19

F 8.074762344 17.359897614 78.843444824
C 24.575393677 -4.110734940 74.242088318
F -6.930864334 -85.127372742 -64.163185120
F -29.372259140 -74.256408691 108.684127808
F 26.825468063 41.112434387 -57.863712311
F -108.409934998 42.359123230 -92.078636169
H -66.190734863 35.431495667 -140.872695923
F -0.734796524 67.564521790 38.007419586
F -13.496549606 75.935585022 58.279899597
F 13.786392212 -48.721202850 25.477714539
F 86.101745605 -56.017971039 -14.371693611
F -56.471847534 -63.819252014 57.681030273
F -112.770027161 -110.484947205 -34.056343079
F 48.870018005 61.250656128 37.666408539
F -26.406820297 80.695411682 -0.095335960
F 121.401817322 38.639366150 -3.637337685
F -19.941091537 61.023391724 20.794017792
F 42.737045288 -102.918891907 28.546035767
F 68.352272034 24.084888458 -121.083221436
