19

C -0.010882157 1.484667182 -0.332749099
O 0.904201090 -0.139183417 -1.860234976
C -0.165495634 -0.925367177 0.197874010
H -3.252393484 1.246989727 -1.437440276
H 0.501972616 2.212499857 -0.759286761
C 1.166594982 -1.190071464 0.956834912
H 1.927686810 -0.786963224 2.967103720
H -0.475271106 -1.834181190 -0.319703430
H 0.924548924 0.611718476 2.262354136
H -0.915262580 -0.710091770 0.950170875
O 2.282888889 -0.311280310 0.863162637
H 1.350127697 -0.948572576 -1.658796668
C -1.080427051 1.021942973 -1.263274074
H 1.505256772 -2.283341408 0.951462269
C 0.052433435 0.163121432 -0.809656143
H -1.015568376 1.373378396 -2.323475599
H -2.782484770 0.486380070 0.294796944
C 1.545667291 -0.370482802 2.074433565
C -2.463593245 0.898836732 -0.753576279
