19

C -55.050113678 -77.337806702 9.279920578
C -18.297063828 5.236438274 -127.333381653
C -67.028671265 -71.927215576 81.686592102
H 75.462928772 -18.652790070 64.139366150
C -61.805835724 117.464462280 10.695937157
H -7.912603855 41.728206635 31.494405746
C -26.979887009 30.174476624 -64.488685608
C 41.269027710 119.866058350 31.540990829
H 67.056182861 1.692581654 73.604225159
C -16.678380966 -32.100208282 82.833580017
C 119.323333740 36.894443512 -17.404563904
C -50.369480133 -78.347656250 -88.964637756
C -11.933099747 -0.712677240 13.006179810
C -52.397953033 40.383560181 -13.395616531
C -77.778335571 23.922492981 -41.571033478
C 19.462045670 -15.099379539 38.564262390
C 85.358169556 -43.299522400 -77.095283508
H -47.128086090 7.039244652 -36.760940552
C 85.427787781 -86.924720764 30.168706894
