19

C 10.207575798 -18.325790405 -53.056221008
C -18.669750214 -40.370864868 -51.895927429
F 29.310510635 -5.508241653 1.276269913
F 127.400283813 -12.846288681 -29.311304092
F -54.137828827 126.116333008 -31.313852310
C 24.406885147 114.758819580 51.928749084
C 19.726936340 -8.351317406 107.405899048
F -24.464685440 79.669509888 -23.202257156
F 27.236532211 -55.487335205 -87.568565369
F -5.544836998 -45.589363098 20.796236038
F -30.821031570 -77.177330017 -62.744377136
F -117.556549072 72.104141235 63.837974548
F 24.946174622 -31.371694565 120.483886719
C 15.502013206 -36.137687683 12.371757507
F 16.106500626 78.427955627 -21.122919083
C -28.082929611 106.612243652 2.197897911
C 41.169601440 -88.762496948 8.256753922
C -22.259256363 -95.924514771 -35.387420654
C -34.476142883 -61.836074829 7.047403336
