19

C -7.166887283 10.431937218 1.987462997
C -13.556213379 -10.936920166 6.993477821
C 61.320560455 134.788681030 -5.237690926
H -10.470123291 -3.418474674 2.546102047
C -35.622100830 -115.167694092 7.015158653
C -10.369189262 -4.654522896 2.533377171
C -36.463268280 28.057397842 -117.977195740
C -7.454801559 0.517726541 5.591187477
H -10.311177254 -3.470648289 2.957182884
H -10.371451378 -3.617697239 2.817853928
C -10.301295280 -4.797345161 2.608339310
F -51.032955170 39.205654144 128.197296143
H -10.385214806 -3.400604725 2.670408249
C -39.007183075 33.820552826 -0.893238068
C -10.007499695 -4.482412815 2.713993073
C -10.563153267 -3.898586273 2.754200459
C 115.388282776 -14.419598579 -34.841453552
H -10.059805870 -3.446639061 2.450579166
C 106.433456421 -71.110794067 -14.887043953
