19

C 10.203619003 -3.037080288 32.282329559
F -107.091491699 -26.922012329 78.301467896
C 49.277549744 111.816802979 -39.784328461
H 2.652927876 -3.476697922 11.704091072
C -33.742942810 -122.879142761 -10.372923851
C 2.405189991 -3.634007454 11.561909676
F -19.603448868 6.639946461 -126.562484741
C 38.704154968 119.391059875 50.203990936
C -30.972963333 -96.217140198 -77.129287720
H 2.243049145 -3.694391727 11.772187233
C -23.189949036 4.054085255 27.360851288
C 14.013698578 -14.304069519 -8.014707565
H 2.443864346 -3.634969711 12.006424904
C -51.701797485 123.919761658 -14.436180115
C 0.793763638 -1.918166280 12.687739372
C 2.555029392 -7.295024395 12.613400459
C 13.910795212 -5.864350319 8.598227501
H 4.127987385 -3.901992798 12.103709221
C 122.970962524 -69.042602539 -4.896429062
