19

C -60.659866333 -15.381886482 -35.447616577
C 20.347213745 -34.708473206 110.277191162
C -42.780769348 -79.218284607 72.592170715
H 65.777877808 -8.819009781 18.474298477
C 5.014331818 110.144844055 39.228603363
H 26.466934204 7.497336388 8.788990021
C 35.117179871 27.945219040 -115.789344788
C -5.613142014 -7.327955246 -4.298343658
H 68.913650513 17.841569901 64.528167725
C 15.531430244 -14.610705376 10.193624496
C -5.740306377 -4.535488605 -57.700603485
C -35.379478455 -93.033058167 -72.884368896
C 81.187103271 -3.329521179 -21.488039017
C -18.418685913 -12.152410507 -31.343999863
C 41.358520508 -3.388583422 -0.563339949
C 0.892250061 8.702445030 -7.716589928
C -104.611251831 51.182151794 11.329121590
H 21.996284485 -5.862118721 -2.230539083
C -109.399291992 59.053928375 14.050633430
