19

H -6.081258774 -9.717365265 2.278857708
C 4.507285118 3.209432125 4.180993557
C 108.867118835 139.046707153 -44.816661835
H -7.771861076 -7.682017803 3.658375263
H -5.155970573 -10.695224762 2.513936520
H -5.594904900 -10.269794464 2.138345957
C -7.973553658 -9.701345444 0.080261797
C -3.987066031 7.936697483 -1.697429538
H -6.616367340 -9.471817017 1.957981944
H -6.907119751 -9.110300064 2.463926554
C -7.150995255 -8.840620041 2.501978636
C -11.001051903 -6.641312599 4.180313110
H -3.387586832 -12.601963043 2.129502535
H -6.648829460 -9.166408539 2.280652046
H -6.290500641 -10.169023514 1.600752711
H -11.609663963 -5.726196766 9.129920959
H -6.814464569 -9.711799622 1.459517121
C -4.551249504 -13.194490433 1.097504735
H -5.831961632 -7.493163586 2.861266613
