19

F -47.004562378 11.095119476 -33.615436554
C 49.388378143 -47.882472992 106.786804199
C -37.126583099 -50.660068512 2.120840549
C 50.479179382 -42.372455597 23.623542786
F -3.973197937 -56.905017853 -4.311025620
F -110.199165344 53.044555664 70.987953186
F 35.777313232 0.236389399 -49.708217621
C -83.587600708 112.205223083 -6.927241325
C -19.704015732 -84.444366455 -86.247947693
F -9.683483124 52.941822052 -54.018886566
C -66.594802856 -99.980178833 -44.036430359
C 100.713516235 59.289470673 -64.667617798
C -83.978981018 -103.114204407 22.409324646
C 49.036201477 68.029136658 48.051120758
C 39.793521881 5.502202034 -12.328443527
C 93.620491028 10.789159775 -17.405776978
F -26.549751282 27.977798462 20.179237366
C -13.075313568 67.919532776 113.796432495
C 82.668891907 16.328355789 -34.688262939
