19

C -71.276245117 -74.340728760 95.671524048
C -15.301335335 -2.810871601 29.013614655
C 76.779205322 67.235900879 -104.158042908
C -9.246762276 4.741360664 3.018570662
C -34.683353424 -45.902698517 -55.321926117
H 20.715694427 49.348304749 62.765270233
C -93.479393005 25.749725342 -105.157997131
F -10.834559441 64.792861938 25.870426178
C -39.153697968 39.483871460 -56.964748383
C -29.216674805 14.910395622 -22.410804749
C -36.605297089 33.664871216 -47.584991455
C 117.371170044 11.748573303 77.077835083
C 9.153250694 26.784202576 -4.650818825
C -8.867877007 10.856539726 14.376242638
C -73.885513306 22.947002411 53.377326965
C 26.157138824 -11.842490196 96.979866028
C 67.974174500 -87.861007690 -83.352897644
H 26.206775665 -55.453712463 -24.403694153
C 78.193328857 -94.052108765 45.855289459
