19

C -22.538545609 -74.096992493 -57.595436096
C -72.240463257 13.010480881 -47.030223846
C 93.816696167 42.272830963 -44.621448517
H 76.927810669 7.892263412 60.826435089
C -76.987075806 40.931690216 2.093482018
H -17.426452637 60.492805481 36.141483307
C 48.683303833 18.883743286 -102.877349854
C 68.146759033 88.761451721 45.343643188
C -49.082416534 -38.129394531 30.470510483
C 95.271369934 58.689613342 -15.590262413
C -55.186832428 -5.174585342 -9.777823448
C -70.587272644 63.226898193 73.415168762
C -51.944736481 -28.655344009 4.444673538
C 68.592163086 -67.830818176 82.452224731
C -54.664062500 52.861980438 -58.863262177
C -19.082632065 -81.734756470 97.233528137
C 64.065948486 -89.817344666 -60.531250000
H -7.132009029 22.542758942 -29.395778656
C -18.631591797 -84.127296448 -6.138332367
