19

H -0.066740870 0.753357768 -0.289511204
H 0.542679727 -0.191780269 -1.045495510
C -0.114025474 -0.355194479 0.086823821
H -2.493548393 0.887687802 -1.150430918
C 1.221463203 2.594230175 -0.270570874
O 0.970595419 -0.817475736 0.587016582
H 1.607604980 -0.632638156 2.025393963
N -0.374137044 -1.120754361 -0.404703677
C 0.872276485 0.190125942 1.274379015
C -1.341598988 -1.138857722 1.550259352
H 1.641970396 -0.414361894 0.699559629
C 0.332392037 -0.423058391 -0.576082408
H -0.937709749 0.610814571 -0.950937092
N 1.372807741 -1.311563134 0.619834661
N -0.019441605 0.037685454 -0.594949782
H -0.924107015 0.883383512 -1.557804823
N -2.000602245 0.368816853 -0.222285807
C 1.072519302 -0.332578689 1.216971874
C -1.362397909 0.412160277 -0.997467697
