19

F -72.031318665 -26.611001968 -20.580383301
C 20.750305176 47.348266602 -100.931007385
C 20.571767807 36.431167603 80.122665405
C -1.964479685 35.924522400 51.310569763
F -46.554458618 -100.199638367 65.711975098
C 71.987594604 -41.717254639 46.115089417
F -100.796165466 -7.013448715 -93.651527405
F -57.855384827 99.680168152 48.026565552
C -67.569900513 -78.819473267 -96.586723328
F 20.541719437 48.269950867 -34.657024384
F -68.760910034 -106.128021240 -47.578773499
F 104.629020691 -64.428825378 -10.106323242
C 83.738456726 86.077651978 21.537393570
C 14.757695198 68.029937744 -25.672115326
C 26.168575287 -50.634696960 -25.060953140
C -11.780693054 68.015266418 103.404838562
F 11.407704353 -37.865150452 -3.404911041
F -40.919429779 57.249298096 87.232589722
F 93.679908752 -33.608718872 -45.231960297
