19

C 95.801582336 75.797172546 -28.525648117
C -72.216438293 -14.292947769 31.891019821
C -113.868812561 -52.256370544 18.099103928
C 4.685186386 -2.156651020 -56.715515137
C -40.870788574 -69.753753662 -44.572868347
H 30.856332779 12.794898033 51.656486511
C -71.825981140 -18.044218063 96.357513428
C 115.552711487 16.701833725 -48.408946991
H 65.713508606 -10.458994865 94.345489502
C -1.196851015 111.591232300 8.248631477
C 50.334827423 -75.192230225 96.464447021
C 23.690547943 -90.400756836 -13.237201691
C -18.563508987 -26.347108841 2.477318525
C -46.386528015 50.386985779 -59.683029175
C -52.043998718 107.476028442 -43.210350037
C -107.352043152 -12.676340103 -73.808578491
C 73.948173523 91.581375122 6.127644062
H 3.341594458 -46.829490662 -37.015914917
C 60.400466919 -47.920661926 -0.489610732
