19

C 36.272262573 -3.744190693 13.910728455
F -22.439012527 123.210098267 37.587722778
F -121.550422668 -6.477706432 -35.283634186
C 43.278518677 -18.445772171 15.740165710
C 32.068992615 19.479982376 11.158433914
F -117.174674988 4.611371040 -34.470893860
C 22.610776901 57.633121490 -17.526248932
F 39.040512085 55.867298126 53.691768646
F -7.545635223 72.429405212 -119.058044434
C 11.486631393 15.984275818 44.524940491
F -107.758743286 -75.013084412 -14.940324783
F -12.345497131 -86.723281860 -94.766395569
C -8.820886612 -0.589752674 75.136077881
F 26.358316422 -132.779129028 -9.498210907
C 52.867568970 15.372724533 5.443599701
H 62.002655029 54.730121613 -14.164628029
C -11.546775818 40.222244263 116.912574768
F -2.845170975 -54.660438538 -99.049827576
F 86.040626526 -81.107284546 64.652206421
