19

C -34.103050232 -18.494674683 -26.293039322
C -53.948730469 -46.197731018 97.323654175
C -53.617691040 -52.221553802 83.509078979
H 41.582988739 21.998523712 27.576707840
C 37.530841827 -118.724899292 -5.155004978
H 12.279150009 26.215057373 19.108783722
C 41.345249176 -7.477333546 -111.632797241
C -67.078193665 -81.077110291 -49.417705536
H 25.401693344 26.867828369 70.147201538
C 21.394077301 33.247821808 46.110054016
C 94.799942017 -28.788030624 -34.046100616
C -46.290321350 12.733337402 -18.337999344
H -4.329376698 12.547538757 -58.433353424
C 79.545562744 105.073570251 10.797279358
C 26.338367462 18.515022278 5.590147495
C -35.003368378 84.213523865 -73.038825989
C -91.957664490 62.437057495 20.683277130
H 25.873104095 24.858726501 29.785871506
C -19.762571335 -75.726676941 -34.277217865
