19

C -2.883262634 -41.177894592 11.430788040
F 11.348999977 -3.936721802 58.822677612
F -21.492538452 -57.889247894 -97.888862610
F 15.142348289 -58.021030426 -6.225820541
F 125.798995972 25.773803711 34.185920715
F -81.092628479 20.177059174 -12.259092331
F -16.534103394 -24.957592010 -3.577263832
F -10.195940971 52.666782379 -10.516483307
C 12.481787682 -0.948906898 69.907485962
F 21.879581451 57.248516083 -114.494956970
C -114.287841797 -12.806138039 52.455429077
F 71.842803955 -109.330093384 42.492088318
C 51.131435394 35.950229645 -41.616142273
C 26.386032104 70.856544495 13.237684250
F -39.681732178 118.489082336 -44.758125305
C -44.722232819 2.204644680 31.219842911
C -21.181037903 -39.566173553 104.275215149
C -66.561302185 0.718667984 -3.333306313
C 82.620651245 -35.451526642 -83.357048035
