19

C 8.701893806 7.077467918 -5.220441818
C -99.181205750 -44.532009125 97.056510925
C 8.032453537 2.810250521 -4.563505173
H 7.411786556 2.019734383 -4.691477776
C -32.161140442 -149.691177368 -3.704774618
C 7.723876476 1.637980819 -4.812816143
C -26.334564209 19.961091995 -113.264717102
C 8.094192505 3.964265585 -4.168991566
H 8.164737701 1.867542982 -4.525678635
H 7.389539242 1.744606733 -4.665462971
C 6.877604961 1.829914808 -4.529241085
C -30.876846313 72.895050049 107.646781921
H 7.610558987 1.882834911 -4.642664909
C -66.060287476 130.923553467 -15.678937912
C 7.241261959 2.027193785 -4.663087368
C 7.684343815 2.116556883 -4.883370876
C 51.398395538 -10.824996948 -16.403162003
H 7.181477070 2.421475172 -5.047590256
C 111.101928711 -50.131359100 0.762625992
