19

C -3.884409189 -6.321894169 -2.601279736
C -17.061550140 -8.160848618 33.339790344
C -4.132549286 -6.218792439 -2.472135067
H -3.960873365 -6.114637852 -2.529823780
C -3.715358019 -23.288827896 -2.134128571
C -3.991657495 -6.742325306 -2.440546989
C -2.396711111 0.097059608 -43.123023987
H -4.125381470 -6.542143822 -2.500826836
C -4.466461182 -6.390454769 -2.274304390
C -4.118852615 -6.646519184 -2.348231792
H -4.341417313 -6.375748634 -2.422966957
C -22.897949219 46.111801147 121.124099731
H -4.076622009 -6.115550995 -2.679594755
C -32.960105896 90.340629578 -19.217023849
C -3.860401392 -6.204745770 -2.929467916
O -4.033524513 -6.192532063 -2.681011915
C 132.459533691 -23.049459457 -57.277820587
H -4.486365318 -6.132766247 -2.152698278
C -3.949337721 -6.052243710 -2.678999424
