19

C -2.684851646 9.065149307 -8.984859467
C -74.901962280 -40.197277069 109.860115051
C -3.951774359 -2.496232033 -6.957515240
H -3.438584566 -2.266542435 -7.630365372
F -28.619987488 -129.649307251 4.482188225
C -3.872927904 -2.527869463 -7.684325218
F -26.232313156 27.871252060 -116.460594177
C 54.462711334 96.207809448 60.758483887
H -3.894516706 -2.230941296 -7.778905392
C -3.355099440 -2.587833881 -7.711452961
C -3.972160101 -2.510085344 -7.810943127
F -32.930553436 52.927764893 122.694984436
H -3.951924086 -2.243180513 -7.825582504
C -78.650917053 108.429077148 -14.105247498
C -1.598280668 -1.058522105 -6.242902756
H -3.831724882 -2.194335461 -7.754605770
F 128.748001099 -2.312819958 -44.708740234
H -2.829258680 -1.726548553 -6.770103931
C 95.506126404 -100.499572754 -39.369628906
