19

O 0.212791920 -0.167890102 -0.961210132
C -0.064317763 -0.287661761 -0.416092992
H 0.576138377 -0.340478331 -0.527137637
H -1.096873760 -0.140711695 -1.846067071
C -0.399561644 -2.495317936 -0.826359153
H 0.814145923 -0.354841739 -0.228943229
F 2.250334740 -0.822349787 0.719953418
H 0.217499852 -0.314192861 -0.707994938
H 1.094974637 -0.562290907 -0.118682504
H 0.543529868 -0.315817028 -0.574533463
H 0.851913691 -0.483671397 -0.307720065
C -6.770172596 5.910438538 14.857142448
H 0.102191329 -0.394870132 -1.171810746
C -0.121124625 1.714222550 -1.092130065
N 0.284114718 -0.164737850 -0.965995550
C -0.675991654 0.265482277 -1.769790769
C 1.163566947 -0.104117304 -1.434904456
H 0.989106297 -0.477518469 -0.233259797
C 0.027732015 -0.463675469 -2.394464493
