19

C -21.539136887 15.015205383 -44.717277527
F 7.641826153 98.283599854 73.447166443
F 74.833572388 4.017496109 118.093276978
F 101.201904297 -38.326721191 -14.647496223
F -16.560634613 -86.375389099 109.832893372
F -24.826257706 -10.086244583 -4.965037823
C 19.022718430 49.383590698 -70.652290344
F 1.332427502 14.153860092 -122.474426270
C 11.490259171 15.778169632 -28.734626770
C -1.519154072 -17.807933807 -38.332046509
F -50.093429565 -88.694129944 -74.416282654
F -1.489522457 -37.161338806 31.658638000
C -40.218780518 13.007875443 32.600189209
F -9.494289398 126.357658386 -16.538555145
F 20.568582535 2.432595253 3.237274647
C -69.308593750 25.408124924 -7.715974331
F -58.002395630 17.230007172 98.366218567
F -7.606279850 13.873722076 23.667404175
F 64.567184448 -116.490165710 -67.709075928
