19

C -0.120837688 -65.816497803 10.035211563
F 49.785850525 42.694122314 -36.387458801
C -22.369266510 -45.826187134 39.140800476
C 64.110435486 64.123420715 -88.681411743
F -92.002632141 17.043588638 -113.472198486
C 21.116943359 31.843885422 46.702819824
F 3.426798820 -7.917230606 -31.664297104
F 30.812561035 91.064521790 -75.389022827
F 57.686599731 65.508880615 102.115867615
F 138.705261230 -20.074668884 -73.629844666
F -39.539291382 -65.627655029 -10.797479630
F -98.185722351 80.586860657 84.550552368
F -45.563369751 -52.143104553 73.975006104
F 79.635597229 -66.738883972 12.718723297
F -12.516069412 15.426816940 -28.958950043
F -90.462059021 113.242004395 46.320442200
C -40.776641846 -27.499959946 16.628561020
C -16.350898743 -96.348388672 19.905754089
F 12.606719971 -73.541542053 6.886909485
