19

C -5.051287651 -0.401286781 0.081719518
C -5.690260410 -0.442470312 3.160962343
C -4.876666069 -0.446836531 -0.029079437
H -4.887245655 -0.533130825 0.328178167
C -5.080862522 0.393606544 -0.222473741
H -4.901523113 -0.470367014 0.106571198
C -5.571793556 -0.248122513 0.259214878
C -4.767050743 -0.210992813 0.265412331
F -5.600307941 -0.850995421 0.017724514
C -4.606527328 -0.290403783 0.038333535
H -5.006699085 -0.516686678 -0.095693827
C -13.279918671 22.384672165 47.937866211
H -5.010425568 -0.464801073 0.440645218
C -4.859951496 -1.632916808 0.151044130
C -4.941068172 -0.422348976 -0.015868187
H -5.201356411 -0.483895540 0.458077669
C 98.863586426 -14.341595650 -53.341678619
H -4.934309483 -0.498418808 0.079101562
C -4.596333504 -0.523009121 0.379937053
