19

C -0.203147456 -0.379855305 -0.219471693
C 0.850076616 0.006783336 -1.558753490
C -0.095356628 -0.702298164 0.275711298
H -3.068697453 1.314819932 -1.385792971
N 0.294692159 2.060894728 -0.653246164
O 1.107619047 -0.972708702 0.900436640
H 1.770076036 -0.661170125 2.623842478
F -0.415255785 -1.611194968 -0.316537291
H 1.043352365 0.604373217 2.003653765
N -0.848672450 -0.592566729 0.905926108
C 1.742325187 -0.218042046 1.052863121
H 1.253501177 -0.635113597 -1.658908486
C -0.974179089 0.907642603 -1.182835221
H 1.682056904 -1.912950873 0.793215632
C 0.101386376 0.171288490 -0.655738890
H -0.926123679 1.401195049 -2.168434620
H -2.443367243 0.511897922 0.122921169
C 1.355744839 -0.320746571 1.801683426
C -2.226030350 1.027751684 -0.680535078
