29

C 0.792041481 -0.785320938 1.122582436
H -3.187258482 0.189040169 -0.454641491
H 2.774853468 0.028624507 1.353580117
H -2.331109524 -0.988206685 -1.493530035
O 0.808856547 0.174072251 2.199380636
H -3.174667835 0.392755032 -2.199290037
H 2.300739288 -1.166507959 2.609559298
C -2.600349188 0.068003058 -1.352609992
H -1.216247439 0.673242271 0.755888581
H 1.904684663 1.264530897 -0.477333963
O 0.789380550 -0.838428855 -1.450671554
H 0.258662075 -1.661176801 1.308888197
C -0.678100586 0.664368331 -0.168137729
C 0.790782988 1.249343872 -0.317844063
H 0.567036569 2.261026382 -0.501442075
H 1.078766465 -1.672379851 -1.231813788
O -1.398544908 0.819756031 -1.326682806
C 0.531641960 -0.184981301 -0.224536151
C 1.988831639 -0.487760067 1.848654866
H 0.000000000 0.000000000 0.000000000
H 0.000000000 0.000000000 0.000000000
H 0.000000000 0.000000000 0.000000000
H 0.000000000 0.000000000 0.000000000
H 0.000000000 0.000000000 0.000000000
H 0.000000000 0.000000000 0.000000000
H 0.000000000 0.000000000 0.000000000
H 0.000000000 0.000000000 0.000000000
H 0.000000000 0.000000000 0.000000000
H 0.000000000 0.000000000 0.000000000
