29

C 1.272741437 -0.005935169 0.510797560
C -0.725128829 0.804889679 -0.459687501
H 1.598726749 1.907240748 1.450947046
H -0.845784545 -3.587266445 -0.231804058
C -3.478730917 -1.622510314 0.105862245
H 1.845957398 -0.468693554 1.321214199
H -0.440664798 0.442777604 -1.456230044
C -0.882829726 -1.594388485 0.628810167
C -0.247925282 -0.194910407 0.636098683
H -0.689758837 -2.008645296 1.627311826
N 0.021347415 1.979164958 -0.053442150
C 1.326346159 1.562201023 0.437732875
H -4.487819672 -1.683890939 -0.102129497
H 0.707162857 -2.712682962 -0.359484553
C -0.371504664 -2.589074135 -0.410245895
H -1.767497897 0.989680231 -0.460549295
H 2.131612062 3.374792099 -0.394775480
C -2.333512783 -1.546150088 0.372566819
H -0.499928832 0.289719999 1.574048519
H -0.645181000 -2.259079933 -1.399784088
H 1.677340150 -0.401904225 -0.436680645
H -0.311413050 2.906240940 -0.130684301
H 1.836959362 2.191249609 -1.640703797
C 2.135176897 2.299008846 -0.602248967
H 3.174309969 1.928166986 -0.526939869
H 0.000000000 0.000000000 0.000000000
H 0.000000000 0.000000000 0.000000000
H 0.000000000 0.000000000 0.000000000
H 0.000000000 0.000000000 0.000000000
