29

C 0.527361274 0.027500525 -1.116717815
N 1.163530588 -1.980303526 -1.070422411
C 1.725950718 -0.775275588 -0.746110737
O -0.771488428 -1.226564884 0.084341817
H 0.602776647 1.769204855 1.200452328
H 0.588977993 0.833339036 -1.828337908
C -1.595887423 0.967699766 -0.391124487
H 0.867289305 0.149085373 1.805408478
H -0.732281625 -1.779582024 -1.969231606
C -0.421525449 0.226448596 0.101649314
O -0.903382540 1.089192629 2.352173567
H 2.797353268 -0.543925643 -0.368444443
C 0.110172965 0.846437156 1.410499096
C -0.138489217 -1.361449480 -1.185837746
N -2.500409365 1.507907867 -0.809077322
H -1.319948316 0.250285536 2.530779123
H 0.000000000 0.000000000 0.000000000
H 0.000000000 0.000000000 0.000000000
H 0.000000000 0.000000000 0.000000000
H 0.000000000 0.000000000 0.000000000
H 0.000000000 0.000000000 0.000000000
H 0.000000000 0.000000000 0.000000000
H 0.000000000 0.000000000 0.000000000
H 0.000000000 0.000000000 0.000000000
H 0.000000000 0.000000000 0.000000000
H 0.000000000 0.000000000 0.000000000
H 0.000000000 0.000000000 0.000000000
H 0.000000000 0.000000000 0.000000000
H 0.000000000 0.000000000 0.000000000
