29

O -0.683378875 -2.424541235 1.862689376
H 1.587360978 -1.513237596 1.847654343
C -1.123979807 -0.043917645 -0.897848308
C 1.538513303 0.043962564 0.435742617
C -0.389856428 -1.417331576 1.190321922
H -0.561489642 -0.787467837 -1.512726188
H 1.560250640 2.702911854 -1.425605893
H -2.037125111 0.221559539 -1.451895356
H 2.631330967 0.096474074 0.496353209
C 0.957530141 -0.970145166 1.174645185
H -2.281493664 -1.429078817 0.300485849
N 1.970228553 1.884749651 -0.978700519
C -1.476140738 -0.683369875 0.444931090
H -1.902217031 0.079530306 1.096771955
H -0.540966749 1.952983737 -1.344372392
C 1.049786568 1.101437449 -0.470590532
N -0.298353225 1.185481071 -0.767856479
H 0.000000000 0.000000000 0.000000000
H 0.000000000 0.000000000 0.000000000
H 0.000000000 0.000000000 0.000000000
H 0.000000000 0.000000000 0.000000000
H 0.000000000 0.000000000 0.000000000
H 0.000000000 0.000000000 0.000000000
H 0.000000000 0.000000000 0.000000000
H 0.000000000 0.000000000 0.000000000
H 0.000000000 0.000000000 0.000000000
H 0.000000000 0.000000000 0.000000000
H 0.000000000 0.000000000 0.000000000
H 0.000000000 0.000000000 0.000000000
