29

C 0.547444403 0.297415704 -0.924429536
H -0.040600307 -1.596147060 2.044158220
H -0.163409978 0.143792629 1.869486809
C 0.267238587 -0.920559227 0.041875850
H 0.835417628 -1.782668948 -0.294078976
H 1.899703860 -0.679301023 3.088624239
C 0.419371486 -0.729729533 1.553433061
H -1.678724170 1.887962699 -0.501704514
C 1.008055925 1.528059602 -0.293865472
H 1.281921029 0.077848449 -1.689875007
C 1.874940515 -0.591289103 2.013408661
H 2.294398785 0.365119606 1.718756080
H -1.903273821 -0.699225128 0.323129386
H -1.536866903 -1.951403499 -0.862686634
C -0.903188825 0.140021801 -1.498112321
H -0.854918480 -0.280471444 -2.515231133
C -1.754632473 1.392585874 -1.449120164
H -1.458191276 2.093826056 -2.240404606
N 1.401623368 2.531292439 0.107146546
H 2.491463184 -1.374848604 1.584345222
C -1.212313771 -0.976952851 -0.450933248
H -2.815459728 1.124671936 -1.623922706
H 0.000000000 0.000000000 0.000000000
H 0.000000000 0.000000000 0.000000000
H 0.000000000 0.000000000 0.000000000
H 0.000000000 0.000000000 0.000000000
H 0.000000000 0.000000000 0.000000000
H 0.000000000 0.000000000 0.000000000
H 0.000000000 0.000000000 0.000000000
