19

H -1.936061859 -0.436843842 0.998377442
F -1.162135243 -0.228724688 0.126997247
C -0.942328095 -0.305212647 -1.167022228
H -0.615426183 -2.430120945 -0.841306388
N 1.518139601 -0.707978129 0.874689996
H 1.779445529 -1.149035096 -0.424215764
N -0.997695684 -1.352013826 -0.564913094
O -1.488425851 1.842196703 0.012863183
C -0.654575765 1.156079054 0.471549600
C 0.495014906 0.269944847 -1.475855947
H 1.395632744 0.013599783 1.520590663
H 1.171278119 1.957370281 -0.309099555
O -0.305402577 1.606311321 1.717709541
H -1.751429677 -2.281869650 -0.595455885
C 1.043054700 -0.219183713 -0.313701659
C 0.609246731 0.894386649 -0.406069994
O 1.188625574 -1.577545166 1.276477695
H 1.006526947 0.422049969 -2.504397631
F -0.353484213 2.526588678 1.602782726
