19

C 0.554852128 0.540645838 -0.252050757
H 0.022187650 0.021543384 0.108064055
H 0.209387183 -0.040545702 0.288218141
H 0.109213293 0.528046727 0.273241162
O -0.543874145 0.124304175 -0.128433049
H -0.210922718 -0.080578923 0.129884720
C 0.014592856 -0.400951266 -0.703218162
H 0.193365574 -0.448153019 0.040627360
C 0.490944982 -0.053316712 -0.369968355
H -0.215983570 -0.200330734 0.606238604
H -0.272585809 -0.614299655 -1.126123190
H 0.009108424 -0.038097382 0.079931855
H 0.006625652 -0.176301241 -0.287517130
O 0.582349837 0.882044196 0.254815340
H -0.100199789 0.049784303 0.251078606
C -0.309534729 0.211969018 0.815006852
H -0.316123128 0.362122416 -0.037557364
H -0.051686019 0.014152646 0.447640181
O -0.171717241 -0.682038426 -0.389878988
