19

C 0.244971275 0.054257393 -0.711732209
C -0.773811817 0.152321100 -0.404988587
H 7.707364559 1.546147227 5.616013527
C 0.386066437 -1.920749545 2.029173136
C -0.039353132 0.096040249 -0.606168926
C 0.001574278 -0.145102024 -0.473706186
C 0.690361500 -1.753569484 1.475629807
H -0.692613602 0.195899248 -0.620529234
H -0.786602736 0.263665795 -0.613598764
H -1.153337479 -0.144513965 -1.068274975
H -0.729931355 0.187120557 -0.617649376
H -0.904863358 -0.061013579 -0.449311316
C -0.339302540 0.385402322 -0.529197872
H -0.774189949 0.103688598 -0.686047852
C -0.335361481 0.215452313 -0.272488654
H -0.736006498 0.158710718 -0.525884569
C -0.090309143 0.135184288 -0.445048034
H -0.827357054 0.233298421 -0.587599576
H -0.847298861 0.297761917 -0.508589208
