19

H 0.437428057 0.331723332 -0.322239786
H 0.596466005 0.283083200 0.226860523
O 0.366043270 0.004854918 0.627440572
H -0.004759312 0.452939987 0.100216568
H -0.243244588 0.309966564 0.000311971
H -0.237224102 0.208190322 0.160079300
C 0.293859899 0.201445520 0.668448567
H 0.290259421 -0.313057065 -0.079203427
C 0.237448275 -0.271345854 -0.528981388
H 0.107943714 -0.042622089 0.059561789
H -0.218871415 -0.356650203 -0.441749722
O -0.480588138 -0.522795796 0.127280831
H 0.005628169 -0.122831643 -0.392035306
O 0.238690436 0.692197919 0.213515937
H -0.282677174 0.338198304 0.272092342
C 0.517169416 -0.330484867 -0.206286132
C -0.521740377 0.310195565 -0.428759962
C -0.431428611 0.159883142 0.946038485
C -0.670403600 -1.332892299 -1.002591968
