19

H -1.880326509 -0.451988697 0.990293026
N -1.237428188 -0.258494467 0.102140293
N -0.981724679 -0.315549135 -1.224536419
H -0.550663531 -2.406779766 -0.780315578
N 1.557941198 -0.734607935 0.799168646
H 1.842706800 -1.175821662 -0.388462752
C -1.108951807 -1.436576605 -0.618948877
H -1.426299214 1.850706577 -0.004648566
C -0.696995199 1.231495500 0.459335089
C 0.493965209 0.234083205 -1.482351184
H 1.475845098 -0.026105769 1.639214277
H 1.240013123 1.993209958 -0.343592346
O -0.305798322 1.622906923 1.785515904
H -1.896331310 -2.271869421 -0.568064630
C 1.112694263 -0.212282658 -0.344577789
C 0.646753907 1.039827108 -0.386509806
H 1.138664126 -1.612704039 1.339068055
H 0.915272355 0.334865630 -2.565041542
O -0.339337260 2.595685720 1.592314363
