19

C 0.772081792 0.405971646 -0.273999333
H 0.312831342 0.086873055 0.151300788
O 0.305869401 -0.048704982 0.508635402
H 0.118023932 0.673389077 0.259517312
O -0.495468885 0.436133862 -0.077289820
H -0.344985873 0.100882769 0.266646266
C 0.176311791 -0.688768864 -0.984436154
H 0.092049897 -0.034562111 0.057151675
C 0.330724537 -0.109617472 -0.119015217
H -0.122038782 -0.091708064 0.573872924
H -0.602158546 -0.561119139 -1.443162322
C -0.259698570 -0.609509051 0.353582978
H 0.105268419 -0.145143509 -0.328729987
H 0.502159059 0.695809841 0.223836303
H -0.097755075 0.152952790 0.269347787
C 0.127231658 -0.170943260 0.598417163
C -0.565224886 0.601310134 -0.003659606
H -0.088006914 0.073823214 0.561101556
C -0.267215312 -0.767068684 -0.593117356
