19

C -0.184144616 -0.041903496 0.510587215
H -0.113016248 -0.119906902 -0.121591330
H -0.097930312 -0.292251587 -0.145823240
C -0.064352632 0.002469063 0.532120943
H -0.033148527 -0.090476513 -0.046319246
C -0.044169784 0.351541519 -0.192095518
C -0.116787553 -0.091757298 0.451775312
H -0.067378640 -0.136230707 -0.019522667
C -0.072284460 -0.031842709 0.003610134
H 0.125712752 -0.032198429 -0.351570845
H -0.002798796 -0.092833519 0.077821493
H -0.050380349 -0.066403389 0.012558222
C 0.087090611 0.032960415 0.509580016
H -0.003743052 -0.093109131 -0.056917429
C 0.032630682 -0.172330379 -0.090871096
C 0.058637261 0.160239220 -0.269245148
C 0.546419263 0.764437675 -0.849011660
H -0.058632016 -0.103434086 -0.053508997
C 0.058277011 0.053035259 0.098419905
