19

H 0.755964518 -2.002636194 0.611906230
C 0.811986208 -1.826729536 0.704314172
H 2.075832129 -1.209599972 4.605480194
C 1.745238543 -1.963597059 0.940208614
C 1.094704866 -1.843569756 0.785587370
H 0.701143265 -1.866314411 0.611745298
C 1.834297180 -2.253366947 1.163123012
H 0.778181553 -1.829870462 0.652748823
H -16.096523285 36.350559235 -18.044158936
H 0.688150167 -1.838369131 0.558156610
C 0.907495975 -1.870075464 0.572086871
H -4.413961411 -3.026713371 2.123374939
H 0.614077091 -1.753531218 0.774433672
C 1.095335960 -1.950336456 0.701797068
C 4.105216026 -3.417807579 0.969757020
H 0.837541342 -2.061015129 0.522965133
C 1.113418341 -1.645521402 0.683830440
H 0.642015696 -2.116126537 0.479807973
H 0.709884167 -1.875379801 0.582835138
