19

C 1.987603903 -0.631847382 0.384554505
H -3.570181847 0.142280579 2.899117470
C 2.204064369 -0.388522148 0.512542009
C 2.733700275 -0.448332310 0.843123198
H 0.532405317 -0.766326904 1.494204044
H 1.903372288 -1.318147659 1.030496478
C 2.090941668 -0.965675831 0.858608246
O 2.052940369 -1.074450016 0.838615537
C 1.705740452 -0.990746498 0.868417859
C 2.353287458 -0.451120377 0.453961968
C 1.889383554 -1.089922428 0.849187016
H -32.944015503 15.937030792 -17.421144485
H 1.681325674 -1.061828136 1.027572274
C 1.750321627 -1.071779251 0.907614470
C 1.894324541 -2.192948341 0.920948744
H 1.911235332 -1.252700806 1.105140686
H 4.090810776 -2.118829727 1.306151032
H 3.940001488 0.881876945 0.244232416
C 1.792736769 -1.138004303 0.876653314
