19

H 9.726531029 -2.553588629 -9.968048096
C 1.928293586 -4.013228416 0.646949828
H -10.630147934 -15.000526428 11.339637756
C 2.026122570 -3.735245943 0.471491516
C 2.120031357 -3.856146812 0.488198817
C 2.147031069 -3.765103817 0.656254947
C 2.317594051 -3.785815001 0.434200108
H 2.181713820 -3.739009857 0.491052330
H -35.813785553 78.844635010 -11.523302078
H 2.026932716 -3.664912462 0.198717177
H 2.088547230 -3.951919079 0.334806979
H 2.313989401 -3.723450184 0.315912426
C 2.184152126 -3.720594406 0.383738101
C 2.325005531 -3.658686876 0.465411127
C 2.754645824 -3.657342672 0.758117497
H 1.823598266 -4.326899052 1.728723288
H 2.328309059 -3.803837776 0.500785053
H 2.551864147 -3.490841150 1.440258741
H 3.599573612 -4.397490978 0.837092698
