19

O 0.517223299 0.257642984 -0.552551508
H 0.499633372 0.057544902 0.016980991
O 0.291769654 -0.010306373 0.538267374
H 0.008779928 0.268374681 0.025251187
C -0.557246447 0.433279753 -0.328948498
H -0.063202173 0.047741041 0.121308021
C 0.127706617 0.230276421 0.582028210
H 0.363955379 -0.401811182 -0.139543042
C 0.213463664 -0.348706245 -0.621072173
H 0.023374632 0.008348331 0.070937485
H -0.079270408 0.008195966 -0.080568507
H -0.243870601 -0.367011309 -0.007178962
H 0.018063083 -0.167184204 -0.431992173
H 0.223733276 0.284130991 0.054956309
N -0.473545372 0.397385597 0.258690834
C 0.611797154 -0.306031972 0.441313803
H -0.345718980 0.293989301 -0.267785907
C -0.829985559 0.103865013 1.169188142
C -0.306660652 -0.789723694 -0.849281549
