19

C 0.629686654 0.550572634 -0.316410363
H -0.033965170 0.091475487 0.022353798
H -0.108573675 0.100970745 -0.049491763
H 0.144531935 0.601972103 0.163428009
H -0.143125281 0.158705711 0.053516969
H -0.036277652 0.088036060 0.027395934
C 0.071276128 -0.433651686 -0.431485623
C 0.152272999 -0.555819273 -0.069538362
C 0.477387846 0.077170610 -0.285413772
H -0.050849274 0.035363197 0.092775762
H 0.039813101 0.013437510 -0.080460310
H -0.626725972 -1.738328576 0.532818615
H -0.013008460 -0.114714622 -0.435784221
C 0.493877709 1.060134172 0.195232511
H -0.001301229 0.108494043 0.010393381
C -0.465058535 0.008604765 0.607449234
O -0.136258304 0.214707851 0.094885945
H -0.110909253 0.174260855 0.189089298
C -0.282793760 -0.441390276 -0.320755273
