19

H -1.692148685 -1.274343252 0.534827828
C 0.061199188 -2.321364880 0.468913794
C 0.454598427 -2.014366388 1.476526499
C 0.042550087 -2.946727753 0.091782331
C 0.143268585 -2.133214951 0.297631979
H 4.731680870 -5.594835281 0.684254766
C -0.276368141 -2.182446003 0.607309461
C 0.238812447 -2.504351377 0.392809629
H -0.984716415 -1.458182335 0.761208057
C -0.019160271 -2.288338423 0.458157063
C -0.293989182 -2.113155365 0.646280050
H 3.884367943 -5.969581604 -6.680483818
C 0.043368340 -2.491417408 -0.059659719
H -0.642031670 -1.728766918 0.059934139
C -0.135708809 -2.382816553 0.266577840
H 1.133222580 -3.040964603 0.120991230
H 2.025237083 -3.768355608 0.845042944
H -8.506215096 48.563453674 -1.236777306
C -0.207960129 -2.350225925 0.264672399
