19

H -0.708675683 -0.339056730 0.082427174
H 0.007692888 -0.201277003 -0.264150798
C 0.568624794 -0.334470153 0.344670802
C -0.104920007 0.169634610 -0.303634912
O 0.066762432 -0.258194208 -0.338581502
H -0.750904918 0.171211571 -0.099189937
C 0.664525747 0.737218022 0.654060304
O -0.436297536 0.355624974 -0.034945566
C 0.283019364 -0.385485888 -0.304957449
H -0.025741234 -0.208132938 -0.384959012
H 0.157085553 -0.067545012 0.092305228
H 0.398107409 0.852171242 -0.405408472
H -0.029022098 0.331918776 0.352635592
N -0.733119369 -1.186600089 -0.559036314
C -0.491374969 0.412875086 0.507358313
C 0.443726122 -0.175532982 1.153937817
H 0.375997841 -0.654397130 0.071535707
O 0.413710177 -0.150687680 -1.158355832
C -0.099196136 0.930725634 0.594288707
