19

C -0.749084949 0.339944363 0.109227180
H -0.420907974 -0.055430889 -0.084254742
H 8.142891884 -0.590459347 2.873921394
C -0.216114521 -0.586522818 -0.362944245
H -0.435093164 -0.155196190 -0.094088793
C -0.627222300 0.356410503 -0.538079262
C -0.329601288 0.513332605 -0.295934081
H -0.455921412 -0.187570572 -0.083586812
C -0.839406490 0.066098928 0.164456367
H -0.556308031 -0.047890902 -0.186869025
H -0.797508955 -0.155419588 -0.125186801
H -0.394163370 0.169955730 -0.065511584
C -0.782246351 0.065992832 -0.789577365
H -0.192455769 0.210628986 0.024971128
H -0.264697790 -0.387535810 -0.049049020
H -0.615304947 -0.566009998 0.116591811
C 0.427835226 0.910014153 -0.820713639
H -0.446403265 -0.189486980 0.049840569
C -0.448284388 0.289144754 0.156786025
