19

H -1.635202050 -0.521728039 0.974411249
O -0.650840580 -0.112436086 -0.011425942
N -0.467320919 -0.263533413 -1.073532224
H -0.412692428 -2.199085951 -0.720104814
O 1.122392416 -0.669518352 0.536903918
H 1.186887026 -0.734752774 -0.488096416
O -0.411369234 -1.147233129 -0.504633784
N -1.070967317 1.639330745 0.003523350
C -0.239887089 0.824361920 0.271867752
C 0.254591316 -0.024561942 -0.322472602
H 1.163571000 0.198730797 0.964994431
H 1.103240967 1.828204036 -0.367573828
H -0.122155458 1.576412320 1.393830180
O -1.383502483 -2.140423298 -0.765114665
C -0.307628483 -0.205515027 0.098487973
C 0.184141546 0.215290904 -0.054207429
C 1.086769223 -1.121951580 0.634558797
O 0.888888240 0.429321736 -2.164494038
H -0.288915455 2.429086924 1.593078613
