19

C 0.401583076 0.254757762 -0.423330069
H 0.148488954 0.010413170 0.021326780
H -0.024643425 0.037902236 0.197618365
N 0.030529000 0.612252772 0.415401220
O -0.423196137 0.187483072 -0.033029437
H -0.203734487 0.023857653 0.256163716
C 0.150154993 -0.184643418 -0.735114813
H 0.162294120 -0.281246126 -0.096993029
C 0.299763322 -0.218187511 -0.130666137
H -0.035547964 0.109998047 0.258646727
H 0.000171658 -0.363894016 -0.822004676
H -0.223476872 -0.366670489 0.377991557
H 0.082716182 -0.073298454 -0.113019705
H 0.353215754 0.624545395 0.384385347
H 0.058509752 -0.025269628 0.138186693
C -0.363240123 -0.168778598 0.689885139
C -0.352729797 0.457098305 -0.036456108
H 0.081956327 0.104271114 0.056381702
C -0.142814472 -0.740590692 -0.405372679
