19

C 0.970183134 4.346199512 -1.232375145
C 0.757628679 4.454063416 -1.188521147
C 0.865688562 4.410833359 -1.121039629
C 0.741905451 4.492608070 -1.195923567
H 39.918666840 2.194591761 -5.040163040
H 0.756087542 4.632795334 -0.901424229
H 0.693346262 4.453930855 -1.215044498
C 0.632218122 4.605442047 -1.204396725
H 0.419186354 4.415169239 -0.921197593
C 0.876486063 4.334326744 -1.111561775
C 0.915720224 4.371419907 -1.216154575
H 0.796685457 3.979822159 -1.105927467
C 1.051158190 4.296021461 -1.165619612
C 0.791746378 4.462612152 -1.276820421
C 0.912830591 4.287698746 -1.226104736
H -57.886108398 -72.640640259 26.855834961
C 1.268112421 4.481513023 -1.280268908
H 4.666209221 0.025319099 -3.488542080
C 0.852237940 4.396272182 -0.964749753
