19

H 0.362212658 0.326602817 -0.479422539
H 0.536725879 0.165096402 0.034461897
N 0.242039591 0.041055799 0.561468065
H -0.077368528 0.317720950 -0.044477005
H -0.434614837 0.461423397 -0.282105327
H -0.217918217 0.211920083 0.074767888
C 0.180106685 0.394924760 0.458916575
H 0.346356601 -0.367913157 -0.140943319
C 0.349942476 -0.286427081 -0.660058916
H 0.063389525 -0.033631802 -0.064554751
H 0.138134450 -0.197494954 0.135385275
H -0.248484790 -0.253596246 0.011881929
H 0.050776973 -0.054969013 -0.309581131
H -0.117954686 0.016820848 -0.084796846
C -0.478605449 0.444118857 0.259639978
C 0.688549995 -0.789820790 0.411889941
O -0.486534953 0.487800717 -0.391440600
C -0.778364301 0.245575905 1.105835080
C -0.118389010 -1.129208803 -0.596866310
