19

H -0.382410526 -2.864228010 -3.221755505
C -0.299768448 -2.273924112 -3.508021355
H 1.663452506 33.424884796 67.444931030
C -1.550378323 -1.403416634 -3.625464916
C -0.311692119 -2.358015299 -3.413370609
C -0.017414451 -2.636781931 -3.336475849
C -0.287253857 -2.343215227 -3.621846676
C 0.099094033 -2.652126789 -3.368761539
H 5.732665539 10.123475075 -7.709993839
C -0.252363920 -2.287290096 -3.365498066
H 0.134461641 -2.535042286 -3.517438412
H -2.049380779 -4.051196575 -3.263521671
H -0.017287612 -2.677931547 -3.351611614
C -0.247250199 -2.446503401 -3.389770508
C -2.104844332 -1.777130127 -4.508904457
H -0.051139593 -2.912095547 -3.636023045
C -0.094691873 -2.428512812 -3.367558002
H -0.043483496 -3.073052883 -3.905157566
H 0.079685569 -2.827901602 -3.333755970
