19

C 0.691361427 0.509325266 -0.829657435
H 0.295146704 0.006211042 0.088858247
H 0.574007034 -0.149643183 0.342035651
C -0.100788951 0.149765968 0.085903764
H -0.316958904 -0.086545944 0.011623025
C -0.382838368 -0.029980421 -0.375344515
C 0.580389559 0.398023844 0.401050150
H 0.161896110 -0.615390539 -0.031848550
C 0.265066922 0.002356291 -0.242555380
H 0.033766508 0.308767080 0.018038034
H 0.023918867 -0.048967123 0.159433246
H 0.189878941 0.003497362 0.048838139
C -0.195391655 0.379217625 -0.466215968
H 0.211989820 0.315934658 0.205801964
H -0.076285958 -0.053389311 -0.012830377
C -0.541016579 -0.972291946 0.791099131
C -1.166018009 0.472920179 -0.351292729
H -0.159307003 -0.022531033 0.394020021
C -0.088815093 -0.567280412 -0.236957312
