19

C 0.305327594 0.426629454 -0.297969460
H 0.315585196 0.130754083 0.266791463
N 0.032425970 0.069175810 0.494140148
H -0.042394727 0.352507204 0.322711468
H -0.372789264 0.254415482 0.140786648
H 0.116825461 0.008820742 0.106199265
C 0.286097586 -0.609983206 -0.183324814
H 0.267771423 -0.403717130 -0.100424349
C -0.032606810 -0.068721294 -0.129334807
H -0.010690838 0.111484498 0.174251437
H -0.139774024 -0.294974893 -0.557199836
O -0.393364161 -0.503020704 0.207177758
H 0.048873663 -0.095905274 -0.090044856
O 0.377596915 1.046440125 0.484979033
H -0.010256052 0.047284037 0.029573321
C 0.712196112 -0.265831172 -0.659523606
C -0.669045806 0.290165573 -0.053725004
H -0.173951209 0.157947928 0.480021834
C -0.617826939 -0.653471351 -0.635087073
