19

C -1.331283092 -0.163989425 -1.686418891
C -2.076960564 -0.193879366 -1.458005071
H 25.990396500 -1.475829124 26.638818741
C -1.480455399 -0.880515397 -1.649158359
H -1.389706135 0.029221535 -1.363732696
C -1.364742279 0.592124581 -1.850860953
C -1.295093060 0.401581049 -1.451179743
H -1.560722351 0.084659934 -1.330855608
C -1.697870731 0.113978505 -1.360472441
H -1.275215626 0.660211086 -2.434939146
H -1.199266911 0.148795485 -1.084636569
H -1.709367037 -0.014876246 -1.392080665
C -1.154768467 0.031368017 -1.059602976
H -1.494828463 0.087965965 -1.401501656
C -1.374444008 -0.568666637 -1.313307166
C -1.375325441 0.077351093 -1.435386777
C -1.046951532 0.772891998 -1.873631358
H -1.605505466 -0.056848526 -1.386937022
C -1.557892084 0.354456425 -1.106108785
