19

H 4.147916794 -4.848185062 -0.325989246
C 2.283231258 -5.086019516 1.517383575
H 0.827203989 -1.402430534 19.125841141
C 2.435979843 -5.280421734 0.769297838
C 2.119902134 -5.510720730 1.209363699
C 2.274641514 -5.239537239 1.125972509
C 2.189378738 -5.479404926 0.920407057
C 2.342577457 -5.243460178 1.188707232
H -42.118755341 92.852485657 -34.712841034
H 2.454851151 -5.752104759 1.040136337
H 2.344882011 -5.301046848 1.147091627
H 2.312690735 -5.561692238 0.936776757
C 2.345997810 -5.207489014 1.127701759
C 2.303618431 -5.564192295 1.197950482
C 1.817634463 -4.636793613 -0.852734327
H 2.703758717 -6.696180344 1.321350336
C 2.410856247 -5.217012882 1.216090202
H 2.497668743 -5.468403816 0.931128800
H 2.305961132 -5.357388496 1.116364598
