19

C 0.097804070 -0.308794141 -0.298525810
C -0.276561737 -0.004151464 -0.031913996
H 1.025353909 0.435706258 -0.549954653
C -0.091785908 -0.658105612 -0.108267546
H -0.126067638 0.056708932 0.072161913
C 0.022815704 0.272415042 -0.201710463
C 0.383714676 0.259474158 -0.086544991
H -0.213207245 0.065751791 0.094670773
C -0.412694454 0.051811934 0.164263725
H -0.290168285 0.267386079 -0.089020491
H -0.625827551 -0.070645213 0.005765200
H -0.191446781 -0.125255466 0.239608765
C 0.267040253 -0.101645112 0.581825256
H -0.192237854 -0.125633597 0.121160507
C -0.005443573 -0.480381608 0.098900318
O 0.050410271 0.103468895 -0.071759224
C 0.897041321 0.244009733 -0.128707170
H -0.185558319 -0.103076577 0.006916761
C -0.133177280 0.220957160 0.181133986
