19

C -1.021880865 -0.529397249 -1.881711364
H -1.433907509 -0.447792292 -1.160476923
H 21.846551895 7.728148460 21.081367493
C -1.161525488 -0.132708073 -1.145020366
C -0.938744307 -0.672497749 -1.200651884
C -1.275592089 -0.090493679 -1.338926315
C -0.951859713 -0.138072491 -1.264582276
H -1.423191667 -0.587064743 -1.145404696
C -1.482200027 -0.212390661 -1.235911846
H -1.192198992 -0.243749142 -1.692519784
H -1.027871132 -0.220832348 -1.083331227
H -1.406057239 -0.601612091 -1.142455935
C -1.034843206 -0.535463333 -0.939017057
H -1.205960393 -0.497985363 -1.082178950
C -1.293606162 -1.111127138 -1.054456472
H -1.256985545 -0.564731836 -1.156925559
C -0.954487562 -0.250269175 -0.268207073
H -1.454762340 -0.623297215 -1.249905825
O -1.330875397 -0.268663883 -1.039685130
