19

H 0.355612695 0.139511526 -0.275914788
N 0.672802567 -0.001687922 0.031630155
H 0.296685040 0.002005860 0.314693272
H 0.078323245 0.399444282 0.038990982
C -0.489740282 0.352613807 -0.371413171
H -0.080664039 0.062594742 0.101777755
C -0.156699091 0.339946806 0.334908605
H 0.401031226 -0.350923240 -0.136775255
C 0.078898847 -0.657533586 -0.084266089
H 0.057337478 0.012746707 -0.050876386
H -0.121647567 0.017254159 -0.109060250
H -0.185981929 -0.363395691 0.010044098
H 0.070268139 -0.199116573 -0.363626778
H 0.281371862 0.338694751 0.038879916
C -0.371546715 0.322931230 0.209279180
C 0.310989618 0.038032014 0.014722265
H -0.196965009 0.225573480 -0.163070649
C -0.759980202 0.093828686 1.120386958
C -0.240095764 -0.772520959 -0.660309672
