19

H -0.524649620 -0.194334954 -0.130633712
H -0.036619261 -0.134960413 -0.296981931
C 0.608303487 -0.302877873 0.482755899
C -0.136974201 0.255453318 -0.253483087
H 0.078988418 -0.301583201 -0.133082747
H -0.497309089 0.040591411 -0.125834376
C 0.721461713 0.626455843 0.666892767
N -0.271055132 0.081115939 -0.085558154
C 0.205692336 -0.398057193 -0.417159319
H -0.229151040 -0.184511960 -0.183615595
H 0.207609579 0.002837256 0.142426431
H 0.232292697 0.779146254 -0.418734521
H -0.140139803 0.388840169 0.275309533
O -0.832426071 -1.139767528 -0.611151755
C -0.357662082 0.424635053 0.771727681
C 0.559132338 -0.223308384 1.088494182
H 0.312436700 -0.560881972 0.011335574
H 0.341286361 -0.007201716 -1.266590714
C -0.241217062 0.848410189 0.483883888
