19

H 0.560129344 0.178672552 -0.177537739
C 1.167292595 0.764802217 -0.367203534
H 1.833410263 2.380811691 0.818541825
C -2.953014135 2.663084030 -1.567971945
C 1.396848917 0.010660172 0.376365840
C 0.561079681 0.163451195 -0.072512805
C 0.719458401 -0.008550167 -0.296357334
C 0.708494008 0.175741434 -0.347521722
H 0.921535432 0.131588459 -1.105281115
C 0.512789905 0.184095860 -0.138163745
H 0.748741806 0.315560579 -0.566438735
H -8.719230652 -9.196750641 3.358382940
H 0.508558929 0.152843475 -0.346290767
H 0.452454388 0.019144773 -0.330139697
C 0.843381703 0.712663651 0.194625676
H 0.546262801 0.135233879 -0.287076533
H 0.545513093 0.274550438 -0.223755419
H -0.939044535 0.745071888 1.253840208
H 0.585338414 0.197326183 -0.175507367
