19

H 0.064847887 -0.081192732 1.840619802
C 0.049165994 -0.034420967 1.667098045
H 0.144685388 0.012116194 1.696522236
C -4.154190063 0.164005876 2.957876921
C -0.081371754 -0.042080164 1.718566418
H 0.075616628 -0.099471092 1.738614917
H 0.259706885 -0.469863415 1.979614258
C 0.002430677 -0.064960361 1.668963909
H -1.076237082 4.035057068 -34.942230225
H 0.105434507 -0.002295375 1.619297743
H 0.094150811 0.022913218 1.608422041
H 0.569681764 -0.223048329 2.050360203
C 2.105410576 -2.238889217 3.092487335
C 0.059938103 -0.020191669 1.652652025
H 0.099746525 -0.000189066 1.613196135
H 0.780113339 -0.793471813 2.815022469
H 0.791954637 -0.113043070 1.918513060
H 0.064459234 -0.027885199 1.574422359
C 0.044456452 -0.023087740 1.729979515
