19

C 0.742002010 -0.426250219 1.304070711
C -0.115944862 0.358669639 -0.787941217
H 2.710491180 1.349907517 1.483609438
C 0.380945683 -1.613494635 3.092004538
C 0.758471489 0.209395528 0.822339296
C 0.697604179 0.261543155 0.743133545
C 1.985671043 -2.394702911 2.822337389
H 0.052714348 0.058041692 -0.639299154
H -0.439691544 -0.107286334 -0.951491654
H -0.425533056 -0.080484509 -0.107125640
H -1.365330935 -0.744161606 -0.953784466
H -1.097640991 -0.023177028 -0.539755344
H -0.984097958 0.469771504 -1.283829570
H -0.786008120 0.598549962 -1.208022952
C -0.123943806 0.427044272 -1.042565823
H -0.884533644 0.475354314 -1.355497360
C 0.703062534 0.348503947 0.608716965
H -1.179145336 0.719484448 -0.595733285
H -0.629089355 0.113294482 -1.411165714
