19

H 0.651094079 -0.382798433 -0.132192612
C 0.474512458 0.192166090 -0.531685233
H 2.470623970 2.165331125 2.819799423
C -1.356727123 0.982519388 0.302007437
C 0.260902166 -0.208123922 -0.728988171
C 0.566572547 -0.265589714 -0.136552811
C 0.397243023 -0.306232452 -0.522798300
C 0.478923559 -0.069589376 -0.196588635
H 1.047822356 4.069149017 -4.007295609
C 0.382083654 -0.153604746 -0.055548191
H 0.824657559 -0.690454721 -0.665426254
H -7.313936234 -5.403188705 2.528215408
H 0.692490995 -0.296701193 -0.201524019
H 0.602034152 -0.361437559 -0.177347183
C -0.424091578 0.720486879 -0.407986403
H 0.718570769 -0.370532751 -0.266567349
C 0.489033103 -0.127547264 -0.137357473
H -1.643110275 0.872590303 2.634051323
H 0.681300879 -0.366446018 -0.116214514
