19

C 2.510392427 1.429628372 -2.852966309
C 2.286280632 0.971814156 -2.644945621
C 2.471472025 0.811376572 -2.310290813
H 2.343117476 0.870456696 -2.593803167
C 2.615118027 1.168107748 -1.888261318
C 1.940110207 1.298995256 -3.047436237
C 2.147889137 0.725275517 -2.477970600
H 2.346887112 0.866119862 -2.533704519
C 2.176073551 1.042294025 -2.971612215
H 2.451981306 1.105531693 -2.524466753
C 2.427759886 0.906643867 -2.405805588
H -46.064708710 -15.425909042 47.967067719
C 3.247661591 0.361225605 -2.830648184
H 1.599454880 0.423056602 -2.254870176
C 2.768774271 0.942272186 -2.892191410
H 3.422066212 1.172691822 -3.109117985
H 2.274535656 1.149753571 -2.675112724
H 4.308373451 -0.492835999 -3.075909853
C 2.726762533 0.673511505 -2.877955914
