19

H -1.792135000 -0.503819823 1.074988723
O -0.934536695 -0.116374902 0.107481040
N -0.815384150 -0.283129632 -1.167251706
H -0.506011128 -2.327765226 -0.696672618
C 1.169197202 -0.722672224 0.807126880
H 1.595343590 -1.010681272 -0.510423243
H -0.683876753 -1.256553650 -0.511083186
N -1.326941371 1.781682253 0.070861645
C -0.505723536 1.044561505 0.500629842
C 0.577718616 0.301536590 -1.200733066
H 1.267313719 0.177288264 1.204153299
H 0.943458557 1.512460589 -0.298508704
H -0.220921785 1.633962035 1.534111023
H -1.607272744 -2.245373249 -0.636998951
C 0.612669468 -0.258212060 -0.250652909
C 0.503349781 0.786084712 -0.322837293
C 1.092565894 -1.325166941 1.009542465
O 0.922269344 0.459334254 -2.285976887
H -0.291082591 2.352838278 1.572243810
