19

H -1.611895204 0.347841144 0.009668350
H -1.073292851 0.542238474 -0.299217701
C -0.924543142 0.373770595 0.557486534
C -1.565515280 0.425874591 2.074220657
C -0.922674179 0.352844477 0.389146328
H -1.373770952 0.402575135 -0.911675930
H -1.200133681 0.562941432 -0.243373394
C -0.994688630 0.514134169 0.079017162
H 17.846891403 -7.690095425 -2.404049158
H -0.986609221 0.466806769 -0.200644493
H -1.098543763 0.582948565 -0.374310255
H -1.197270632 0.599656582 -0.227272987
C 1.313276529 -0.804078221 2.698428154
H -0.979162931 0.493910193 -0.285341740
C -1.042698383 0.487198353 0.036329746
H -1.187422037 0.866068721 -0.314391375
H -1.134121776 0.546247363 -0.206396103
H -1.014225483 0.449512839 -0.248848677
C -0.853601694 0.479608059 -0.128777027
