19

C 0.073541403 0.200308800 -0.975039721
H -0.555307627 -0.199272633 -0.181452751
H 6.339156151 0.605035782 5.109814644
C -0.169717073 0.339399338 -0.524521589
C -0.098773241 -0.118334055 -0.225853443
C -0.400354862 0.498036861 -0.570670366
C 0.138135195 0.559252739 -0.432297945
H -0.562776566 -0.293647051 -0.347883463
O -0.417957544 0.005591869 -0.167618752
H -0.702292204 -0.679215431 -0.140738249
H -0.459718466 -0.180530071 -0.249935865
H -0.690337539 -0.340211868 -0.081018686
C -0.003603697 -0.123762846 0.068730831
H -0.363723993 -0.274248838 -0.237777233
C -0.253991604 -0.556274891 -0.223685503
H -0.384234905 -0.205404758 -0.205351830
C -0.393663645 0.941682339 -0.688097715
H -0.737177610 -0.292049885 0.138135672
O -0.357205153 0.113640785 -0.064735651
