19

C 0.212464094 0.014299333 -0.071123540
H 0.012578964 -0.000376523 -0.035010129
H 1.669164419 0.261702001 0.181021780
C -0.389145136 0.394658625 0.306700736
H -0.094453812 0.010439754 -0.051512718
H -0.229989529 -0.028271496 -0.107446313
C -0.004520178 0.185190201 0.409515649
H 0.108516455 -0.121069014 -0.082180247
C -0.160766840 -0.386438727 -0.117735058
H -0.018221140 0.000801980 -0.000524759
H 0.042437792 0.001941919 0.026017696
H -0.130772352 0.037923813 -0.113516212
H -0.047415495 -0.079671800 -0.165272757
H 0.412484407 0.372768342 0.150706679
H -0.103185177 0.041405082 -0.040778100
C -0.500349760 -0.254748613 0.092758834
C -0.691515207 -0.190236270 -0.220518768
H -0.082421780 -0.011242270 0.016242623
C -0.004889727 -0.249076039 -0.177345395
