19

H -1.725460768 -0.432921618 0.966604590
H -0.940660954 -0.091944337 0.046209019
C -0.704663098 -0.201168507 -1.139400721
H -0.514371634 -2.225820303 -0.757976472
O 1.210765243 -0.578146756 0.701145709
H 1.519983888 -0.903455079 -0.517016828
O -0.672772646 -1.124384046 -0.574824631
N -1.217858553 1.664304614 -0.039742060
C -0.423210204 1.136933923 0.359956414
C 0.343553692 0.101953566 -0.539226949
H 1.273690581 0.164794311 1.196424007
H 0.542988539 1.071323633 -0.222893149
H -0.218882293 1.618731737 1.379691958
H -1.557041287 -2.223490000 -0.611040652
C 0.819114447 -0.135408387 -0.306160718
C 0.397215873 0.666184843 -0.236659825
C 1.188106179 -1.369835734 1.009281754
H 0.945716262 0.471730798 -2.201232433
N -0.266213566 2.390617371 1.486860752
