19

H 7.416853428 1.162873268 -5.253558159
C 7.018823147 1.212667942 -4.956175804
C 6.850569248 1.771850586 -6.025049210
C 7.296945095 1.141652584 -5.302982330
C 7.748556614 1.667915344 -4.405563354
C 7.315633297 1.165439129 -5.371459961
C 6.854730129 1.612185478 -5.528358459
O 7.274996281 1.084937572 -5.304428101
C 6.896451473 0.694802999 -4.835073471
C 6.946353436 0.318843842 -5.268542290
C 7.964248180 1.078235626 -5.607642174
H -133.389114380 -17.789426804 96.242904663
C 8.279890060 0.736616611 -5.423927307
H 5.957532406 0.726511240 -4.972559929
C 7.533851147 1.705029964 -5.374344826
H 8.560302734 0.911419630 -5.707180977
H 7.330330372 1.332671642 -5.258127213
H 8.765285492 -1.144124985 -6.155303001
C 7.377767086 0.609902859 -5.492633820
