19

H 11.643358231 -3.091476440 -12.946745872
C 1.967175245 -3.643927097 -0.750925303
H -27.716163635 -13.098335266 18.337673187
C 1.752552271 -3.551681042 -0.611439586
C 1.643618584 -3.901861668 -0.949966192
C 1.972096205 -3.730803013 -0.603097677
C 1.977015734 -3.539459705 -0.671848774
C 1.949054956 -3.749093533 -0.728913426
H -19.205677032 81.833976746 -3.827409744
H 1.477122068 -4.006217480 -0.915307522
H 1.802613497 -4.245242596 -0.851529360
H 2.143189907 -3.677008152 -1.001592159
C 2.086254120 -3.592176437 -0.707529306
C 1.718879938 -3.914078236 -0.861929178
C 2.323470831 -3.694293499 -0.553378344
H 3.218880892 -10.393365860 6.995929718
C 1.987222433 -3.749885559 -0.709690571
H 2.349874735 -2.450502872 1.310449600
H 4.909458160 -3.804566383 0.047254086
