19

C 0.639013767 0.282963276 -0.824504852
H 0.036474936 0.000486493 0.041323662
H -0.301589668 -0.150523722 0.088701487
C 0.199574947 0.618509769 -0.664739609
H 0.102632008 -0.085808933 0.203874230
C 0.203383654 -0.465178370 0.248138428
C 0.423540086 0.640622139 -0.390034676
H -0.041977428 -0.103712559 0.134575248
C 0.256247342 -0.219542265 -0.267106891
H -0.011249965 -0.021937847 0.051458120
H 0.034900360 -0.041130960 0.042499304
H -0.099324889 -0.193703055 0.247911096
C -0.217235312 -0.256611764 0.292039871
H 0.083698682 0.203395844 0.140741110
H 0.000779891 0.015663505 0.110434890
O -0.212361023 -0.104660928 0.206842184
C -0.787761033 0.248146415 -0.196645975
C -0.258543789 -0.104494214 0.544590950
H -0.050202526 -0.262483299 -0.010100007
