19

H 0.320856392 0.123570248 -0.342151672
N 0.739925086 0.045010109 -0.075867519
H 0.377566218 -0.030560393 0.328756452
O 0.204235733 0.716222346 0.067286462
N -0.346159846 0.381024450 -0.452299416
H -0.401748061 0.256168365 0.068283960
C 0.141284406 0.476538628 0.223082468
H 0.315681279 -0.282466769 -0.135215208
C 0.047116607 -0.655390680 -0.135634482
H -0.015615359 -0.016648177 0.137984991
H -0.081814826 0.040932219 -0.105945289
H -0.203869358 -0.378967404 -0.055324800
H 0.072400004 -0.204618737 -0.494377613
H 0.043861002 0.030627180 -0.053176939
C -0.654698074 0.382528394 0.368198007
C 0.231525600 -0.170154378 0.405129194
H -0.149747595 0.114347667 -0.158506274
C -0.734480381 0.025213908 1.201763749
C 0.093680769 -0.853376985 -0.791986108
