19

H 0.061102256 0.174255729 -0.264072925
H 0.266021401 0.133723617 -0.034853812
N 0.226877809 0.010069579 0.306373835
H -0.114599138 0.147596955 -0.065439679
H -0.162326932 0.200974047 -0.148173943
H 0.102156386 0.029584587 0.018560968
C 0.013499916 0.297759533 0.327045232
H 0.151189029 -0.108632207 -0.094211116
C 0.115978956 0.049075067 -0.425852090
H 0.096431494 0.031421989 -0.098343991
H 0.319197714 -0.428549170 0.431669861
H -0.122257665 0.004907787 -0.026002087
H -0.024540707 0.079446554 -0.157120302
H -0.343314826 -0.342685312 -0.087836847
H -0.221745417 0.245988131 -0.003370225
C 0.644995153 -0.632593095 0.463676959
O -0.276344746 0.355576038 -0.317796439
C -0.512975693 0.189335346 0.760324419
C -0.219345123 -0.437254906 -0.584577739
