19

H 0.776793897 -6.047376633 -0.677000284
C 0.155465603 -6.162469864 -0.042166680
H -5.902773857 3.588613033 26.913501740
C 0.339216173 -6.353452206 -0.268609554
C 0.439205229 -6.129879475 0.036806136
H 0.295262039 -6.258275509 -0.188357085
C 0.026327670 -6.215688705 -0.615278363
C 0.206672490 -6.178076744 -0.121698469
H 3.292517185 105.286163330 -21.282060623
H 0.089917183 -6.639986992 -0.466143638
C 0.269787729 -6.175129414 -0.118888408
H -3.442938805 -6.761915207 -0.092455640
H 0.323042452 -6.151377201 -0.146510392
C 0.416644752 -6.412833691 -0.251817375
C 1.149247646 -6.884011269 -2.416828871
H 0.340909779 -7.807018280 0.344990224
C 0.492108643 -6.241878986 -0.200578600
H 0.448589981 -6.133035660 -0.305113107
H 0.284004509 -6.322380066 -0.101790518
