19

H -1.405456066 0.029840231 0.961983442
H -1.934461355 0.383114338 0.916488290
H -1.922134161 0.377718925 0.895667672
C -4.224421978 -2.298988581 1.287310362
C -2.160767555 0.413961411 0.918204665
H -1.388814211 0.324724913 1.467610955
H -1.821113586 -0.399992466 0.868164301
C -2.174072027 0.370565653 0.870030165
H 31.793556213 2.277330637 -22.435539246
C -1.863562584 0.308616161 0.898762703
H -1.894830942 0.287491798 0.983773708
H -1.542493105 0.308168650 1.278102160
C 1.384920835 -2.918622732 3.689668417
C -1.872897148 0.320542932 0.926255703
H -1.903338909 0.335647106 0.888388515
H -1.736505508 -0.708021402 2.651370764
H -1.528079748 0.018320680 1.141031742
C -1.892703056 0.237285972 0.878562093
C -1.912822962 0.332295060 0.914162993
