19

C 0.543571472 0.281482339 -0.295614183
H -0.041239858 0.018287420 0.048258305
H -0.020751894 0.043866396 0.039346218
O 0.020421028 0.212315321 0.440835238
O -0.362247050 0.065570116 0.019307375
H -0.138553470 0.017978311 0.133459210
C -0.209368914 -0.303039551 -0.718925416
O 0.239289820 -0.450842857 0.017572820
C 0.251609802 -0.139923573 -0.148218155
H 0.004582703 0.053767920 0.135035396
H -0.231935292 -0.512912750 -0.767820477
H 0.168042302 -0.186054349 -0.032740653
H -0.004793704 -0.155675054 -0.186344326
N 0.362656593 0.541599631 0.514898539
H 0.060286999 0.002636075 0.104075789
C -0.241405576 0.712919116 0.700477481
C -0.264395654 0.232694983 0.038447917
H -0.022667229 0.127255082 0.265205145
C -0.113101542 -0.561922669 -0.307256818
