19

H -0.452952385 -0.267573535 0.203808784
H -0.236990809 -0.225989103 0.221864492
C -0.152830124 -0.317219079 0.346002847
C -0.056890011 -0.467952430 0.364036500
C -0.404462814 -0.260015190 0.072886735
C -0.054948092 -0.280842185 0.323324531
H -0.580623627 0.091894925 0.148139507
H -0.342154503 -0.287063897 0.151293725
H -0.391691804 -0.141462386 0.212426633
H -0.117851734 -0.306670308 0.229126960
H -0.249232888 -0.233681679 0.132267714
H -0.141588211 0.007838309 -0.090506941
C 2.741265297 2.181472778 -3.080820322
H -0.250844359 -0.187258661 0.247737527
C 0.805334568 1.328043938 -0.347571105
H -0.117803097 -0.224882066 0.121457368
O 0.169459820 -0.344015419 -0.034743309
H -0.394075155 0.087400019 0.164875239
C 0.228877783 -0.152024209 0.614392817
