19

C -0.225540638 -0.138104558 0.273003101
C 0.234548569 -0.024782300 -0.271186829
H -0.087717533 -0.399035215 0.186346054
C -0.281150341 1.449534774 -0.157882690
C -0.195502281 0.235776067 -0.554106236
C -0.289160490 -0.524025202 -0.200735569
C 0.896222591 0.636384368 -0.081184864
H -0.077962875 -0.033326983 -0.099853516
H 0.093858719 -0.094460368 0.337048054
C 0.070927143 0.072437286 -0.097312450
H -0.045689106 -0.048046708 0.037424088
H -0.547949314 -0.952977538 0.633120060
H 0.106629848 -0.043531656 -0.027679920
H -0.077202797 -0.004507184 -0.082265854
C 0.573576927 0.465254188 -0.544325829
H -0.089578152 -0.094401479 0.010368347
O 0.368249416 -0.172651410 -0.183058262
H -0.315799236 -0.239816427 0.821743488
H -0.110751152 -0.089717031 0.000543118
