19

C -0.398189783 -0.127532244 -1.223082066
C -0.814209938 -0.170305014 -0.355372906
H 10.561266899 1.856956720 9.766095161
C 0.638392210 -0.748461962 0.331094742
C -0.219828129 -0.292971849 -0.529259205
C -0.512357473 0.514652491 -0.904633999
C -0.196618557 0.450720072 -0.832168818
H -0.936801672 0.003582239 -0.526164770
H -0.593812704 -0.048447371 -0.477186918
H -0.986939430 -0.049146414 -0.879918575
H -0.878272772 -0.361446857 -0.568264008
H -1.027069807 -0.226838827 -0.384545803
C -0.327417374 -0.111894131 -0.331868649
H -0.668233633 -0.277370691 -0.482624769
C -0.641262054 -0.577677727 -0.003529310
H -0.515188694 -0.011688471 -0.526764870
C -1.012638330 0.422105074 -1.004965067
H -0.853801966 -0.227235794 -0.685922861
H -0.617020369 -0.017001152 -0.380914450
