19

C 1.201115131 0.270075560 0.902643085
C 0.420561314 0.093099594 0.151869059
H 0.419358253 -0.371833801 0.335060835
C 1.318604946 -1.212924242 3.065816879
C 0.795722961 0.436469316 0.241390228
C 0.671753883 0.259364605 0.266256690
C -6.210750580 2.446049213 -5.055301189
H 0.051594257 -0.174186707 -0.258421779
H 0.341175079 -0.380933642 0.066778310
H 0.218233585 -0.361268997 0.219879866
H -0.233435631 -0.598404646 -0.503838420
H -0.383150101 -0.624863982 0.436419845
C 0.201131821 0.221487522 -0.355713844
H 0.135959625 0.021833777 -0.119597189
C 0.588820934 0.249827147 0.227065444
H -0.035021782 -0.165365219 -0.231900811
C 0.594715118 0.347316265 0.151932716
H -0.287494659 -0.013165951 0.748666406
H 0.191102028 -0.442574024 -0.289006114
