19

H -0.117333412 -0.079608038 -0.651106119
O 0.299192905 -0.165925935 -0.150930166
C 1.256685019 0.108985096 0.497920990
C 0.676985741 -0.256258905 0.140314579
H 0.033168554 -0.076403342 -0.702904224
H -0.113581657 0.062442988 -0.771191239
H 0.002984285 -0.009196997 -0.612092257
H -0.132858038 0.012970090 -0.632518291
H 0.112325668 0.015663087 -0.629324198
H -0.032349825 -0.028790101 -0.628050089
C 0.684483290 -0.305919528 0.082018852
H -7.712515831 -1.332836986 4.333294868
C 2.688885450 1.900799870 1.481081009
H 0.001735926 -0.221136689 -0.980152845
C 0.504517555 -0.310861975 0.178444386
H 0.057573080 0.035957366 -0.521435738
H 0.145540476 -0.141716063 -0.652251959
H 0.125561237 -0.084594369 -0.912777424
C 1.519001722 0.876430511 1.131657362
