19

H 0.679037988 -0.515919685 -0.241609097
C 0.627819657 -0.338166952 -0.323706686
H 2.228907585 5.062123299 4.579869747
C -0.630192637 0.424699306 0.148328245
C 0.165419400 -0.462774277 -0.490631282
H 0.404432654 -0.243584156 -0.183509111
C 0.457614422 -0.414057732 -0.307398617
C 0.326452255 -0.144670010 -0.325236142
H 7.809037209 6.875770569 -5.793842793
C 0.413444877 -0.380036116 -0.086643040
H 0.973921180 -1.259960651 -0.681022823
H -16.988023758 -5.507590294 4.028672695
H 0.916110218 -0.752930641 -0.077228248
H 0.620718777 -0.450341702 -0.198465049
C 0.010843158 -0.284209728 -0.379725635
H 0.864078999 -0.705104113 -0.260644317
C 0.521907628 -0.438625574 -0.140296280
H 0.088640928 -0.092995167 0.948402703
H 0.509829640 -0.371630192 -0.215313375
