19

H -1.494376421 -0.512004793 0.913245320
O -0.499443710 -0.061442405 -0.042531714
N -0.258693784 -0.155866534 -0.919801831
O -0.391488075 -1.932145834 -0.746988177
N 1.041623235 -0.424517572 0.373843491
H 1.216393590 -0.668847740 -0.527318180
H -0.286442697 -0.885153115 -0.482648075
N -0.880600154 1.538276792 0.067345083
C -0.052557364 0.533234060 0.186851054
C 0.402515173 0.105104432 -0.502124667
H 1.023191571 0.304528892 0.752229273
H 1.025908709 1.685831189 -0.488135278
H 0.007077634 1.420973539 1.274893284
H -1.446571112 -2.016470909 -0.814181089
C -0.797365844 -0.101060003 0.287324905
C -0.510307193 -0.564815998 0.588158131
C 1.128306270 -1.033970118 0.549272954
O 0.991418481 0.427461028 -1.998286843
H -0.218587980 2.340885639 1.528852105
