19

C 0.349730134 0.128117114 -0.217438936
H 0.025062054 0.031146348 0.071813226
H 0.171279013 0.015553057 0.300762892
N 0.097691715 0.791545630 0.340256572
C -0.699065804 0.043811768 -0.042912006
H -0.433498263 0.060842812 0.206609130
C 0.235160172 0.031643599 -0.706083238
H 0.166196644 -0.228571266 -0.044998765
C 0.303172529 -0.297140598 -0.119859338
H 0.006241977 0.042705536 0.304516554
H -0.322453856 -0.242476955 -0.948708892
H -0.168317392 -0.421306849 0.302955151
H 0.031775445 -0.116064757 -0.192745209
H 0.639515877 0.791124463 0.440391541
H -0.131163344 0.103802323 0.245293140
C 0.392217278 0.014672369 -0.109310269
C -0.621026099 0.273951262 0.035387278
H -0.011589885 0.061768860 0.517259359
C -0.030927837 -1.085124373 -0.383187294
