19

C 0.494896770 0.303141147 -0.333401442
H 0.517489433 0.105417103 0.367431283
C 0.236405253 -0.173930168 0.627865911
H -0.007790446 0.635525107 0.298186302
H -0.400465250 0.283780187 0.115783334
H -0.268226027 0.132819682 0.362045169
C 0.413729429 -0.600474477 -0.138215899
H 0.295847297 -0.455187857 0.068616986
C 0.036419034 -0.240106747 -0.167029858
H 0.028821111 -0.019951850 0.066502094
H -0.474918842 -0.160889104 -1.100439072
H -0.277709246 -0.388951510 0.281583786
H 0.004714966 -0.168016076 -0.226652265
H 0.395695090 0.890600085 0.430276752
H -0.088133752 0.074949414 0.262484312
C 0.702671885 0.180667728 -0.888106108
C -0.696151018 0.317611784 -0.294247746
H -0.398709357 0.081030935 0.881316066
C -0.514583886 -0.798034787 -0.613998413
