19

H 0.728323162 -2.960247993 0.763412356
H 0.842027605 -2.566461325 0.790744841
H 1.542020321 -1.371482611 5.053471565
C 0.957195342 -2.417561769 0.499628067
C 1.093799114 -2.737932205 0.367076755
H 0.954886377 -2.921468019 0.744588256
C 1.264533281 -2.657094240 0.581762791
H 0.887615740 -2.635354996 0.781205237
H -18.943664551 48.171882629 -18.582344055
C 0.839001954 -2.643520832 0.843429387
C 0.886694968 -2.532031775 0.701650500
H 0.449040115 -3.125979424 0.793057561
H 0.874746025 -2.618186235 0.755815268
C 0.880245864 -2.420237541 0.817332745
C 3.231224298 -3.027942896 2.051775217
H 0.978952587 -3.361773968 0.948080420
C 0.781720936 -2.773534536 0.577342391
H 0.911186397 -2.752383709 0.702388823
H 0.840449750 -2.648689508 0.809582055
