19

C 1.033770919 0.510614157 -0.690717220
H 0.203207612 0.147666216 0.030140217
H -0.007876754 0.028738737 -0.027275015
C -0.010445833 1.022388220 0.367201746
H -0.453884482 0.416293859 -0.033075791
N -0.559280992 0.235801935 -0.037297394
C 0.673617482 -0.252578974 -0.008358683
C 0.188482165 -0.722636700 -0.195673019
C 0.687684894 -0.323719978 -0.562354445
H -0.091280818 0.019914150 0.218558073
H -0.221278310 -0.328131914 -0.477817386
H -0.966564298 -1.575739145 0.806620598
H 0.013585448 -0.002986670 -0.494109690
C 0.586302161 1.277382135 0.135710776
H -0.062127590 0.118131161 0.043623131
C -0.305797815 -0.449944496 0.975783467
H -0.265684009 0.415653467 -0.004825767
H -0.246861339 0.184806347 0.537307560
C -0.195566416 -0.721654892 -0.583441198
