19

H -1.833555937 -0.449949294 0.974515915
H -1.088204145 -0.192612439 0.082634076
C -0.838354707 -0.286411852 -1.148928761
H -0.609924495 -2.220661402 -0.830329895
O 1.427123547 -0.662726402 0.804296017
H 1.715356588 -1.113079071 -0.543575883
O -0.824148953 -1.242790818 -0.582801223
O -1.398597002 1.781788945 -0.029898649
C -0.608550668 1.114274383 0.410376787
C 0.444760084 0.149240896 -1.019580483
H 1.405421019 0.035667799 1.407723904
H 1.067495584 1.873008966 -0.294078439
H -0.269451439 1.654772520 1.541947365
O -1.673225880 -2.275244713 -0.612396121
C 0.868294895 -0.230016887 -0.262401223
C 0.438897848 0.670426250 -0.232263491
O 1.167373419 -1.542426586 1.167333603
O 0.963161528 0.436635166 -2.390140057
N -0.353871197 2.500104427 1.557566524
