19

C 0.664852858 0.421278715 -0.664957285
H 0.057692647 0.092195034 -0.006607719
H -0.047793508 0.081713915 -0.078863285
C -0.163499475 0.704078436 0.233057678
C -0.452069700 0.372307539 0.049200393
H -0.097114682 0.181482315 0.003232107
C 0.049926877 0.776978254 0.619855881
C 0.114320576 -0.718840599 -0.169578791
C 0.480498552 -0.433589697 -0.483619511
H 0.018055916 0.065801144 0.031389013
H 0.068394601 -0.140569925 -0.233718038
H -0.751456976 -1.715268373 0.651392758
H 0.164878249 -0.049466372 -0.309332460
O 0.510733485 0.849756479 0.110008173
H 0.007407725 0.113622665 -0.002145231
C -0.512014985 -0.102420330 0.632305562
O 0.022759020 0.251047373 0.075221688
H -0.003781199 0.092732906 0.152244061
C -0.131790608 -0.842840672 -0.609085143
