19

C 0.275392890 0.355090261 -0.196298122
H 0.316351056 0.098004937 0.126814723
N 0.109717250 -0.078263581 0.492658615
H 0.006683737 0.601569295 0.290541768
H -0.314627111 0.203814685 0.053739667
H -0.214714020 0.065537155 0.214961171
C 0.747808814 -0.324999005 -0.545177639
H 0.131875157 -0.213710845 -0.071333289
C 0.058352113 -0.190840662 -0.160070777
H -0.029816568 0.025811195 0.269355059
H -0.329279900 -0.442365825 -1.178610086
H -0.212662429 -0.374986887 0.243020177
H 0.001467854 -0.189959407 -0.324442744
C 0.476236761 1.192121387 0.173000932
H 0.019475877 0.013586402 0.117955327
C 0.348204017 -0.068473160 0.351048112
C -0.801508844 0.229282141 0.007919550
H -0.109225392 0.047175586 0.480061889
C -0.479730368 -0.948393166 -0.345140696
