19

C 0.575439036 -0.186759472 -0.154155672
H 0.062500030 0.074922949 -0.054425791
H 0.648429155 0.193740666 0.309239447
C 0.042345498 0.077559918 0.479656160
H 0.146417126 0.031639874 0.009975627
C 0.139985800 -0.301072359 0.246457830
C -0.482837886 -0.064965606 -0.828165174
H 0.095705450 0.032034993 -0.064673468
C -0.562764645 0.482064307 -0.391682863
H 0.031877484 -0.014351070 0.033048615
H 0.028686140 0.006938696 0.052456632
H 0.186539158 0.127327055 0.059746161
C -0.095648274 -0.319140077 0.057664096
C 0.084535941 0.041115284 0.088456497
H 0.029568508 0.020623744 -0.006019771
H -0.061572988 -0.008966684 -0.020783357
C -0.812162817 0.144850671 -0.010627806
C -0.005358536 -0.142365098 0.253108144
C -0.051684063 -0.195197225 -0.059275344
