19

H 0.541012049 -3.709326029 -0.587035835
C 0.120500088 -3.308285236 0.028203905
H 3.421788931 6.516854763 18.626081467
C -1.150315762 -2.345788240 0.189231992
C -0.161957741 -3.377644300 -0.114961684
H 0.350002766 -3.482353926 -0.028895617
C 0.097536564 -3.247428894 -0.261761487
H 0.283798099 -3.403913975 -0.016224444
H -4.117567539 51.806819916 -15.029129982
C -0.018907666 -3.262794733 0.130927145
H 0.425699353 -3.594354153 -0.076475739
H 0.728074551 -4.176103592 -0.313088715
H 0.412041903 -3.605484962 -0.097000539
C 0.174141169 -3.276395321 -0.018936396
C -2.208944321 -2.767065048 -2.059212208
H 0.260132432 -4.381803989 -0.010668576
C 0.107533336 -3.143923998 -0.127063453
H 0.486399889 -3.824780941 -0.256484509
H 0.249033093 -3.416227341 0.022492707
