19

C 0.503794789 0.320780993 -0.152103275
H 0.023006022 0.018974304 -0.022208691
H 0.283619106 0.008060336 -0.019368559
C -0.174263775 0.613037825 0.050731242
H -0.258720577 -0.008545280 -0.055760443
N -0.360706151 0.008212090 -0.193413883
C 0.428975821 0.304641962 0.199183941
H 0.266486704 -0.713379979 -0.075500995
C 0.282060504 0.066900373 0.206194162
H -0.131308138 -0.189417124 0.212733388
H -0.085346162 -0.302793741 -0.391029596
H -0.084095955 -0.123636127 0.068146944
H -0.012464166 -0.205780745 -0.287369162
C 0.414849371 0.908269644 -0.000993639
H -0.081645072 0.024839878 -0.008427382
C -0.609733284 -0.548465014 0.594664812
O -0.349431217 0.166030645 -0.118222624
H -0.181131542 0.025671482 0.370028913
C 0.126052201 -0.373399258 -0.377284855
