19

H 1.076066375 -2.478291512 -0.647147775
C 0.513945222 -2.150271416 0.114123851
H 0.184608102 -2.621397972 8.670375824
C 0.927366495 -2.493964672 -0.127346784
C 0.713458657 -2.344378948 0.032253295
H 0.698454857 -2.319699287 -0.131394833
C 1.352958560 -2.618565559 0.129237860
C 0.657943249 -2.279115677 -0.024605364
H -0.527654648 46.618320465 -8.260160446
H 0.749030828 -2.613933563 -0.281092733
C 0.618460178 -2.230818748 -0.007019013
H -13.782621384 -3.776154995 4.230666637
H 0.734574914 -2.276316166 -0.142021626
C 0.625871658 -2.525710583 -0.048465997
C 2.080188751 -4.255417347 -2.477543354
H 0.883196950 -2.759892464 -0.398856908
C 0.862368941 -2.264132500 -0.135831445
H 1.002129436 -2.313710213 -0.410692185
H 0.629652143 -2.296544552 -0.084480077
