19

C 0.636628628 0.055294514 -0.606984258
H 0.053271614 0.108634710 -0.000639670
H -0.029146785 0.081082582 -0.054333813
C -0.111947872 0.645688295 0.169533283
C -0.230338693 0.375971556 0.054590486
C -0.217021316 0.268868446 0.007327311
C -0.025117761 0.995152235 0.575728118
C 0.131524399 -0.793674946 -0.098202169
C 0.179376602 -0.258602381 -0.377674997
H 0.011101967 0.095979214 0.029552542
H 0.059273072 -0.210231543 -0.300419301
H -0.392003119 -1.407283783 0.493485421
H 0.110857069 -0.041056395 -0.237424016
C 0.320774645 0.926684618 0.126731455
H 0.003588742 0.131882668 0.005169310
C -0.581984460 -0.351485252 0.634778440
H 0.041588828 0.203369856 0.078678392
H -0.043181807 0.209040880 0.170523673
C 0.082756147 -1.035317183 -0.670420289
