19

H -1.888839483 -0.447845817 0.969222665
C -1.218696713 -0.263995171 0.116825655
N -1.001819015 -0.320137650 -1.254660130
H -0.527241647 -2.397667408 -0.782873511
N 1.539801717 -0.744219780 0.809196591
H 1.898086190 -1.166349053 -0.361172497
C -1.136419654 -1.447823524 -0.619585216
H -1.411020398 1.844517827 0.000340380
C -0.666749656 1.237040758 0.488983274
C 0.493762493 0.238787234 -1.490391970
H 1.475605845 -0.035358652 1.627310872
H 1.224003315 1.980815053 -0.343930990
H -0.334134221 1.627856374 1.802632093
H -1.927186847 -2.271909475 -0.563867867
C 1.143038988 -0.189810514 -0.367511809
C 0.631814182 1.083585858 -0.366217077
H 1.151574612 -1.611162782 1.348516703
H 0.872532248 0.341053277 -2.566115141
H -0.318111777 2.542623758 1.553297162
