19

H 2.945180178 -0.131510496 2.239776611
C 1.821625829 -0.034585588 2.934512615
H 2.276533365 -0.121413045 2.378713846
C 2.380306959 -0.121929519 2.661345243
C 1.850083947 -0.221002728 2.832998276
C 2.100513220 -0.223459065 2.316492796
H 2.085124493 -0.193315089 2.397980452
C 1.940786958 0.170301437 2.898818493
H -39.975494385 3.592602491 -49.990081787
H 2.107026100 -0.217122734 2.307407141
H 2.125745296 -0.207373917 2.307132721
H 2.189168215 -0.233313262 2.372255087
C 2.094194651 -0.141751528 2.557386160
C 2.271616697 0.017779186 2.953764915
C 1.912028193 -0.483981371 2.942187071
H 3.417964697 -0.748781979 6.624916077
H 2.160696507 -0.308006823 2.327458620
H 2.188765287 -0.264906526 2.377100229
H 2.108135462 -0.128229320 2.559834003
