19

H 0.379214287 0.134337783 -0.344971657
H 0.481331229 0.065807998 -0.001249298
H 0.302086085 0.030684829 0.343462169
H 0.111593492 0.383100361 -0.023558602
C -0.554152608 0.470273614 -0.348403156
H -0.169850513 0.110105902 0.040528491
C 0.015708223 -0.252106845 0.510502458
H 0.443517923 -0.376626283 -0.147313043
C 0.059760459 -0.468755096 -0.241490692
H -0.120602891 -0.010775819 0.358368039
H -0.002201632 -0.020263627 -0.022366673
H -0.227414414 -0.392207026 -0.059120476
H 0.022748142 -0.178276032 -0.414192438
H 0.303951204 0.315919280 -0.054018766
C -0.339438200 0.370702416 0.267062753
C 0.369524539 0.171472818 -0.140569806
H -0.233085170 0.267637938 -0.228418618
C -0.465673864 0.150314093 1.059849143
C -0.377016246 -0.771346390 -0.554099977
