19

C 0.628745794 -0.085293055 -0.436092138
H -0.027205050 0.082050800 -0.014895827
H -0.007032812 -0.003556728 0.002449214
C 0.010039091 0.629007816 0.140252233
H -0.297320724 0.104429007 -0.032339215
C -0.333764017 0.164371490 -0.091595083
C 0.408293009 0.777429819 0.569886088
C 0.054606438 -0.387513638 -0.135486901
C 0.463928938 -0.547789812 -0.296910405
H -0.109002888 -0.036704302 0.149302840
H -0.088669419 -0.322684526 -0.367872119
H -0.138661146 -0.539098501 0.274462342
H -0.011165798 -0.066956520 -0.305109799
O 0.492175519 0.870127201 0.141415715
H -0.087735951 0.043969154 -0.055869311
C -0.683483899 -0.515309572 0.670284986
H -0.090929449 0.169095755 -0.031872541
O -0.200128376 0.128547668 0.390352249
C 0.017310500 -0.464119911 -0.570361972
