19

C 0.952957988 0.481815696 -0.191673279
H -0.059427023 -0.057788014 -0.003164649
H -2.694590330 -0.767538309 -0.851251841
C 0.328088641 0.677794993 0.291547775
H 0.178990364 -0.118639946 0.041786194
C -0.022253752 -0.193176985 0.065875769
C 0.924718738 0.776300132 0.043079376
H 0.144841671 -0.132216334 0.025058985
C 0.741322756 1.174642801 0.264720321
H 0.218040705 -0.128670216 0.124161899
H 0.151115656 -0.057420731 0.040856600
H 0.145318747 -0.087882400 0.061881900
C -0.267372370 -0.239282370 -0.174291372
C 0.308571339 0.109641731 0.070216894
H 0.067875147 -0.025233746 0.005303979
C -0.401189804 -0.830505967 0.506167114
C -0.465915442 -0.044847727 -0.126725793
C -0.120935440 -0.263625860 -0.086243987
C -0.130154133 -0.273366213 -0.107305169
