19

C -0.024220407 0.115083694 -0.018102050
H 0.407821387 0.084944427 0.185034394
C -0.030292124 -0.129759103 0.475166917
H -0.007709175 0.518724799 0.254563212
H -0.487447202 0.224356353 -0.002668500
H 0.029728800 0.033835173 0.158041120
C 0.271239609 -0.326469660 0.145245790
H 0.195544273 -0.293091506 -0.086506724
C -0.042027742 -0.207061201 -0.088207841
H -0.033620954 0.054601550 0.268655300
H -0.285266370 -0.319597691 -0.995854735
H -0.155188695 -0.317040175 0.195956826
H 0.039890349 -0.110905379 -0.169888973
O 0.496824116 1.142227769 0.336927414
H 0.031079620 -0.010226846 0.105136991
C 0.929132223 0.270886302 -0.696361125
C -0.791573107 0.138489425 0.027028918
H 0.067189813 0.059645891 0.197584629
C -0.611104727 -0.928644180 -0.291751146
