19

H -1.163493037 -0.460743278 0.575240493
H -0.271185637 -0.070531204 -0.056961223
N 0.040848553 -0.170380294 -0.561105788
N -0.231088519 -1.433967590 -0.623062134
H 0.742404699 -0.431525975 0.231067270
H 0.226340204 -0.304883987 -0.365543157
C 0.070531607 -0.333727151 -0.336875081
C -0.568505168 1.215257406 0.152513951
C 0.291564912 0.164002925 -0.010588080
N 0.415847093 0.035540074 -0.480799079
H 0.696127772 0.188757032 0.428137273
H 0.791215539 1.452474356 -0.445255488
H -0.002239540 1.181078911 1.026285410
O -1.233202934 -1.930509567 -0.764981985
C -0.799385190 -0.123375237 0.562155128
C -0.406571329 -0.535138190 0.917098522
N 0.879761696 -0.834711611 0.338227063
H 0.842917562 0.308623791 -1.826581359
H -0.321888328 2.083759546 1.241028070
