19

H 0.044216394 0.008796811 -0.254290581
H 0.144238472 -0.018696934 -0.127925619
C 0.430727601 -0.166272491 0.372670770
C -0.055460051 0.186502770 -0.269338101
H 0.033433899 -0.098052412 -0.180107623
H -0.255122125 0.114071965 0.052264195
C 0.349361241 0.517591536 0.207183212
H -0.339271247 0.249649599 -0.080192730
C 0.294119298 -0.269678682 -0.413754821
H -0.117446400 -0.085589498 0.232981473
H 0.022004485 -0.021503717 -0.084848508
H 0.295502126 0.528529406 -0.237947807
H -0.038398594 0.077408314 -0.019281004
H -0.611065030 -0.752866745 -0.330427229
C -0.475819379 0.160369739 0.566867888
C 0.208084911 -0.457127005 1.013509631
H 0.064724505 -0.160899132 -0.102110997
O 0.144064069 -0.163666874 -0.432624906
N -0.137894541 0.351432860 0.087372810
