19

C -0.210494399 -0.345166683 0.054134309
H 0.020408273 0.145259365 -0.077907652
H 1.398768783 0.656514883 0.291120917
C -0.075789332 -0.206977442 0.074791461
H 0.047980666 0.025023386 -0.044192761
C -0.028890133 0.068023428 -0.101072043
C -0.696130157 -0.482124567 0.313236415
H 0.012194514 0.156202480 -0.018218845
C 0.032561183 -0.715281725 -0.103157550
H -0.016503572 0.123069227 -0.189492315
H 0.057306409 0.130099058 0.121480614
H -0.079678774 0.029294744 -0.034749985
O -0.048547149 0.108997017 -0.059511334
H 0.111102104 0.357322037 0.100266248
H 0.022584915 0.168102846 -0.036275655
C -0.123795867 -0.248908535 0.039436996
C -0.327242017 -0.048176631 -0.227630168
O -0.035570979 0.097101241 -0.052005023
C -0.060263038 -0.018373832 -0.050253987
