19

C 0.221901417 0.735024214 -0.072548866
C -0.357191563 0.463700771 -0.023841739
H 2.375516415 0.639775276 1.006854773
C 0.808689594 0.485101938 0.873048723
C -0.220216751 0.159053564 0.101668239
C -0.164959431 0.341809034 -0.252464771
C 1.001379967 -2.274129391 1.502368689
H -0.360728264 -0.069610119 -0.324983478
H -0.289474010 -0.067528725 -0.337999940
H -0.223778248 -0.038639307 -0.322562337
H -0.449828148 -0.158803940 -0.543942213
H -0.974321842 -0.585772038 0.054670334
H -0.207490921 0.162717342 -0.321523666
H -0.381947517 -0.063381910 -0.375181317
C 0.210322857 0.441282511 -0.040282965
H -0.242148876 0.003017902 -0.419085264
C -0.001638412 0.482891083 -0.259209633
H -0.517323017 -0.536808491 0.144635916
H -0.226772308 -0.119699001 -0.389618874
