19

H 0.518141508 -0.716360807 -0.274026871
C -0.312921762 -0.965513468 1.010921001
H 1.177414894 0.965354562 -0.588153601
C -0.954461813 -0.319770217 1.984072685
C -0.400724411 -1.008397102 1.059953690
H 0.079122782 -0.050803781 -0.056946754
H 0.687932491 -0.479897141 -0.867540956
C -0.564930439 -1.070597768 1.335301876
H -7.406618118 6.285777092 -8.442188263
H 0.254022837 0.130137444 -0.474464893
H 0.775102496 -0.259668112 -0.839582443
H 2.103897810 -0.493362904 -1.126415253
C -0.598733664 -0.969935775 1.440950871
C -0.355555296 -0.928705215 0.961410999
H 0.756700873 -0.724045992 -0.260116577
H 1.141942739 0.613042474 7.335239887
H 2.013103247 0.388076901 -0.726200104
H 0.718900800 -0.324003339 -0.585032463
H 0.367659569 -0.071326911 -0.887183189
