19

H -0.008842319 0.021712359 -0.132888168
H 0.173186451 0.054893415 -0.070644476
H 0.252130181 0.026002999 0.218133375
H -0.106180549 -0.296290934 -0.159918845
N -0.041343495 0.307722777 -0.256822050
H -0.163227692 0.192365572 0.065136090
C 0.030183107 0.422331303 0.223821506
H 0.074289173 0.188914478 -0.050943162
C 0.227145493 -0.777438998 -0.264458597
H -0.045730591 0.010626893 0.240532324
H -0.040888175 0.120714501 -0.154449552
H 0.230332583 0.314988822 -0.060557097
H 0.089897901 0.102161601 -0.186265171
H -0.574108958 -0.644367635 -0.249166027
C -0.338050187 0.322358012 0.291792154
C 0.233176142 -0.657034576 0.542602181
H 0.061992139 0.106739536 -0.095771953
C -0.274295241 0.253393471 0.602366090
C 0.220333785 -0.069793642 -0.502498686
