19

H 5.218964100 0.262675285 -3.108772039
C 2.991791248 0.451817513 -1.112484932
H -26.076610565 -14.340935707 9.370060921
C 2.751825333 0.073131680 -1.414918184
C 2.864349842 0.008708715 -1.012883902
C 2.687802792 0.149703503 -1.204306364
C 2.664309978 0.010092735 -1.441636086
C 2.690494537 0.135039806 -1.138653994
H -11.851890564 14.053134918 -19.271574020
H 2.833347797 0.062534690 -1.201706648
H 2.898116350 -0.131448150 -1.192235708
H 2.786433220 -0.074187398 -1.152079821
C 2.721807957 0.070606709 -1.201349974
C 2.537793159 1.391166210 -2.017479658
C 2.774238110 -0.011446953 -1.245721102
H -9.414188385 -2.163602591 31.886510849
C 2.795103550 0.089585781 -1.254376888
H 3.077768326 -0.045281887 -1.142165422
H 3.048542023 0.008704185 -1.144231081
