19

H 0.493783593 0.055842698 -0.163560450
C 0.870541453 0.161998868 -0.507528186
H 0.450755596 0.148874164 -0.149625108
C -3.824870110 2.352010250 0.725591838
C 0.790947199 0.063973665 -0.158967778
C 0.409884930 -0.056654811 -0.376823246
C 0.868198514 0.196217477 -0.377462447
C 0.456303000 0.012090743 -0.100532323
H 0.378751040 0.062035561 -0.434516490
C 0.456617117 0.087173700 -0.167914823
H -0.090777397 -0.165734649 -0.267544389
H -3.020026207 -4.718067169 2.003315210
H 0.267341256 0.046598554 -0.282855332
H 0.266341567 0.097413540 -0.207764909
C 0.800935745 0.110515416 -0.109866455
H 0.292201757 -0.025989532 -0.198851392
C 0.361377478 0.082019687 -0.114061400
H -0.604652405 1.413100123 1.114601374
H 0.376346111 0.076581538 -0.225633696
