19

H 0.461681008 0.914653540 -2.375802517
C 0.416488290 -0.165968657 0.152810097
C 0.312553048 -0.234258652 0.160122871
C 0.789954066 -0.170773029 0.312045693
C 0.360750675 -0.020075321 -0.139507890
H -0.049239516 0.483667612 -0.735037923
H 0.388848186 0.046287298 0.054745197
H -0.026631713 -0.583340406 -0.573119283
H -0.123752236 0.394795656 -0.288564920
C 0.623444915 -0.073089361 0.210191369
H -0.033625007 0.208808184 -0.042109847
H -6.081664562 0.564789772 2.512627125
C 1.008099675 -2.127014399 0.671441197
H -0.119191766 0.869079351 -0.621010423
C 0.836238742 -0.203505754 0.364648461
H 0.479831576 0.081667662 0.136644006
C -0.306979060 0.423913956 0.170773625
H 0.176054478 -0.203931332 -0.388604283
C 0.887139678 -0.205707073 0.417710662
