19

C -3.204016685 0.281537771 3.047049999
H -3.320185184 0.262271643 3.219044924
C -3.457526684 0.751534224 3.593084812
C -4.511196136 0.426771641 4.729063988
H 39.756713867 -2.168335438 -55.317825317
H -2.658417702 0.382699251 3.032057047
C -3.200218678 0.301276445 2.852525949
C -3.100214958 0.427825689 2.758670092
C -3.137765884 0.370560169 3.047651052
C -3.160831928 0.256903648 2.923986197
C -3.270164967 0.372756958 3.047164202
H 12.485363007 -6.323682785 0.268160999
C -3.409256458 0.296125174 2.989855528
C -3.042857170 0.306109667 2.947069645
C -3.003576279 0.721588612 2.815215349
H -3.299195290 0.114271164 2.853856802
H -0.306540489 2.668181658 5.867859840
H -2.940670490 0.481185913 2.607208729
H -3.219438553 0.070420980 2.718300343
