19

H 1.385356307 0.269407511 0.380957425
C 0.539354205 -0.378685355 0.854833663
H 1.171822906 0.341040015 0.606116831
C 0.229756594 0.001079440 1.681398392
C 0.657496333 -0.113021016 0.501784146
H 0.894666493 0.032052159 0.552238286
H 1.012836695 0.069313169 0.571990788
C 0.576759815 -3.156678200 -0.008861542
H -16.970916748 4.215564251 -13.947130203
H 0.953420639 0.017199159 0.589031756
H 0.997609556 0.085005879 0.536710799
H 1.551080942 -0.125560760 0.431025684
C 0.728465021 -0.343577266 0.762863219
C 0.407544732 -0.682597280 1.114526987
C 0.767966509 0.045134544 0.523327768
H 2.168150425 -0.142370701 2.914475918
H 1.064552784 -0.095911384 0.641406596
H 0.937021077 0.062911749 0.533632100
C 0.927054763 -0.100307345 0.759671986
