19

H -0.029996455 -0.052324712 -0.203166053
H -0.041874051 -0.091373950 -0.092075936
C 0.353967190 -0.163840115 0.218172282
C 0.005575418 -0.361092925 -0.233028352
N 0.129096448 -0.041862011 -0.262899637
H -0.165293068 0.059266448 -0.049236819
C 0.185194075 0.213654041 0.054004222
H -0.418045342 0.479531705 -0.001642287
C 0.197415650 -0.176802963 -0.315866619
H -0.020889014 -0.071504951 0.182285994
H 0.024751782 0.022756249 -0.124670446
H 0.481071413 0.662826657 -0.171669170
H 0.033531964 0.286872089 0.292362392
H -0.609999657 -1.008320570 -0.313152611
C -0.441241801 0.162899792 0.340830177
C 0.018679529 -0.486666560 0.826924920
H -0.095194370 0.066099823 -0.240988314
N 0.345884502 -0.159990370 -0.246637523
C 0.047366232 0.659872234 0.340453774
