19

C 0.498393059 1.179579973 0.064896733
C 0.250982761 0.153315783 -0.262796015
H 0.535525322 -0.332957506 0.488377243
C 1.320772171 -1.034223676 3.128631115
C 0.118182182 0.756238461 -0.174195141
C 0.031886816 0.524733305 -0.186758846
C -1.508711815 0.017872095 -1.302886367
H 0.239429474 -0.128181934 -0.286308259
H -0.057792902 -0.611154318 -0.460317940
H -0.121859550 -0.123814344 -0.142339081
H -0.660535336 -0.640966177 -0.544946849
H -0.891021013 -0.288170099 0.492060363
H -0.374672890 0.114211082 -0.659212887
H -0.117599487 0.096059561 -0.228424996
C 0.749011517 0.975964308 0.323704332
H -0.271982193 -0.039868593 -0.398370236
C 0.284634590 0.766196728 -0.180798739
H -0.276575804 -0.865663528 0.848118961
H 0.251933575 -0.519172668 -0.518433154
