19

C 7.143783569 3.588330746 -3.451347113
C 7.806324005 3.428795815 -3.933333635
C 7.092226982 3.170084000 -4.389378071
C 7.201977730 3.197762489 -4.052587032
C 7.519312859 3.340255260 -3.071250200
C 7.533862114 3.086304188 -4.618422508
C 7.212083817 3.198316097 -3.913008928
C 6.887824059 2.870719433 -3.572597742
C 7.602231026 3.381913662 -3.539425611
H 6.503402710 2.582841635 -3.037400484
C 7.671732903 3.380454540 -3.978039503
H -141.735443115 -44.083545685 67.373764038
C 7.363265991 2.558904171 -3.892806292
C 6.688583374 2.792900085 -3.304707766
C 6.965222359 2.247298717 -3.730711222
C 7.236248016 2.946831703 -3.887711763
H 17.646820068 -6.918147087 -2.445293903
H 8.639233589 2.169036388 -4.367669106
C 7.021291733 3.060942173 -4.188067913
