19

H -1.904744387 -0.476150006 1.039771914
N -1.209408760 -0.284082025 0.123096839
C -0.973114252 -0.289164990 -1.246256948
H -0.580663621 -2.477137327 -0.827054441
O 1.565575838 -0.712222457 0.843885958
H 1.823792934 -1.195650458 -0.406286836
N -1.080095291 -1.386910200 -0.594882309
O -1.452407122 1.842649937 0.004681259
C -0.681068242 1.223926902 0.455859125
C 0.482125938 0.230137795 -1.495379686
H 1.476361752 0.001911223 1.621357203
H 1.204170942 2.012237310 -0.329336047
O -0.304463744 1.616241693 1.725138903
H -1.842894554 -2.238957644 -0.543627381
C 1.069636345 -0.215525508 -0.333617926
C 0.647954404 0.989149332 -0.414413154
H 1.165019989 -1.596546531 1.344031692
O 0.949514449 0.386239171 -2.615408421
O -0.355293036 2.569853544 1.648439884
