19

H -1.137996197 -0.423503250 0.547837734
H -0.205953538 -0.091155201 -0.121622607
C 0.283255666 -0.191558838 -0.203870684
C -0.188581392 -1.056566477 -0.572639346
H 0.499961466 -0.403503001 0.131243244
H -0.387835234 -0.051960863 -0.189890400
C 0.209991187 -0.003487460 -0.153798640
C -0.431966305 0.800426364 0.156833112
C 0.418398827 -0.131535798 -0.030738577
H 0.200683445 0.052658580 -0.563587070
H 0.420093268 0.135385334 0.317915052
H 0.318880349 0.882461429 -0.266203463
O 0.035608292 0.863169551 0.706197619
N -1.049378037 -1.613315225 -0.685471475
C -0.565182328 0.254414320 0.449502528
C 0.279489785 -0.391415358 0.941736639
C 0.702609301 -0.618930817 0.129807174
O 0.801005960 0.200494319 -1.717793941
O -0.203085020 1.787922382 1.124542952
