19

C 7.695888519 0.591207504 -2.376605988
H 7.940805435 0.226464033 -2.165187836
C 7.568648338 0.530239224 -2.893715858
C 7.000772476 0.172909260 -2.349987984
C 8.237379074 0.561415792 -1.790493965
H 8.180562973 0.407987595 -2.743297100
C 7.733041763 -0.442416906 -1.806993961
C 7.863460541 -0.322073936 -1.780434608
C 8.406103134 -0.210541248 -2.635188580
H 7.834286690 0.249581575 -1.989574432
C 8.120859146 0.225917101 -1.868003845
H -143.753051758 -2.240255356 39.274074554
C 7.581453323 0.282719851 -2.349089146
C 8.403790474 -0.343030930 -1.826403141
C 7.911117554 0.984395623 -1.765128136
O 7.895947456 0.244770288 -2.028292656
H 9.398376465 -0.205310345 -2.156384945
H 8.088876724 -1.064419746 -2.764139175
H 7.891685486 0.350439548 -1.985154152
