19

C -0.039907455 0.715519428 -0.332213998
C -0.257300496 0.410140514 -0.373759031
H 1.862772226 -0.331600666 0.748182893
C -0.807250023 1.032755613 0.821521759
C -0.289110899 0.294597387 -0.368871450
C -0.206244946 0.275806665 -0.455873609
C 2.516416788 -2.788210154 2.983530998
H -0.369188786 0.109636903 -0.348501682
H -0.224193096 0.041224241 -0.324976206
C -0.195106268 0.275986671 -0.287742019
H -0.261740565 0.003409505 -0.344770789
H -0.629510164 -0.680078268 0.179004550
H -0.163223028 0.106249094 -0.320115805
H -0.284747601 0.067236543 -0.249843121
C -0.353333235 0.881334066 -0.176076531
H -0.262050152 0.053492069 -0.266201735
C 0.062180996 0.198827147 -0.246073604
H 0.133464098 -0.650485992 -0.159858465
H -0.231926560 -0.015842438 -0.477361679
