19

H -0.314356148 -0.176739603 -0.111964181
H 0.238640696 -0.088894129 -0.201811150
C 0.562293887 -0.304709435 0.459147930
C -0.033064481 0.152509093 -0.347488046
O -0.076432973 -0.051289797 -0.479064941
H -0.440469205 0.171869487 -0.003316432
C 0.521491766 0.645176530 0.518315315
H -0.416365951 0.403867036 -0.061422423
C 0.394382536 -0.421048641 -0.385127068
H -0.052662164 -0.228551328 -0.016152278
H 0.055276163 -0.052853107 -0.135713577
H 0.361874044 0.547951579 -0.281075954
H -0.006519221 0.233870625 0.179472536
H -0.749757946 -1.055283666 -0.512969017
C -0.619179666 0.188089371 0.568027973
C 0.193404764 0.014492869 1.078395367
H 0.305536628 -0.406884491 -0.089180365
O 0.195167363 -0.278049052 -0.490336835
N -0.119259983 0.706476152 0.312263489
