19

C 0.953409553 0.390494585 -0.554772258
H -0.052543044 -0.112316251 0.110599995
H -2.206268787 0.375106812 -0.816089153
C 0.249926239 0.498589754 0.001730621
H 0.067055136 -0.163088083 0.188793778
C -0.177298695 0.192393780 -0.427568316
C 0.841770351 0.463655710 0.188200891
O 0.127009079 -0.414321780 0.182237387
C 0.393795520 0.023642898 0.093505263
H 0.148343980 -0.208428383 0.402561605
H 0.129472360 -0.184679389 0.018441260
H 0.553197443 -0.020681739 0.125307918
C -0.216677278 -0.110349655 -0.606317997
C 0.125979543 0.133712769 0.247722745
H 0.125615239 -0.180261135 0.106035054
C -0.326585352 -0.644247651 0.627181053
C -0.533764124 0.559428692 -0.345556259
H -0.164337516 -0.073727846 0.461541831
H -0.038099766 -0.524924517 -0.003553927
