19

H -0.108181298 -0.166248679 0.628668308
C 0.311318427 -0.469889104 0.734334469
H 0.585376382 0.631450713 -0.023409963
C -3.587756634 1.027080536 2.201489449
C -0.222921669 -0.282012999 0.000864744
H 0.253791690 0.216217935 0.173141479
H 0.860943019 1.013305902 0.974001408
C -0.020246744 -0.542580187 1.252631903
H -5.904156685 3.263634920 -11.012899399
C 0.174684301 0.074247003 0.577437162
H 0.292901814 -0.002968252 -0.128584981
H 1.301181555 -0.122919261 -0.569439650
C 2.993471384 -3.349686861 2.295941353
C -0.069542229 -0.415612876 0.913125992
H 0.341567397 -0.112768054 -0.011040926
H 1.039733887 -1.007650137 1.600488186
H 1.310464382 0.228583872 0.050974131
H 0.214571536 -0.021632612 0.350512028
H 0.232798606 0.039449155 -0.008234382
