19

H 2.264323473 2.772391796 -2.953795195
C 0.662549019 2.158310413 -2.007911205
H -15.212454796 -8.439897537 7.582735062
C 0.695986271 1.957475066 -2.083667278
C 1.140061140 2.292726517 -2.246336460
H 0.760741353 2.016648293 -2.086114168
C 0.618837297 2.076077938 -2.126923800
C 0.871136189 2.461958885 -2.255407095
H -7.456788063 -1.801268697 -29.876621246
H 0.869802296 1.940710902 -1.808609009
H 1.056439042 2.398336887 -1.603550673
H 1.193805695 2.069715023 -1.847594500
C 0.803811193 2.051045895 -2.007716179
C 0.992137671 2.362786770 -2.196512938
C 0.813463807 2.029039383 -1.960856199
H 6.073423862 -24.920661926 54.794792175
H 0.795265019 2.107614517 -2.052742720
H 1.164693356 2.207963943 -1.958526373
H 1.892766237 2.259025574 -1.304645300
