19

C 0.009936452 -0.047842443 -0.040964603
H 0.186105341 -0.008397579 0.127024889
H -0.031915247 0.015886605 0.144685864
H 0.008262187 0.602606773 0.427439451
H -0.447149724 0.086318851 0.036021709
H -0.045204893 -0.018925130 0.120146871
C 0.154828459 -0.026862621 -1.056068182
H 0.063567787 -0.228645146 -0.014855742
C 0.084457189 -0.366075635 -0.018693566
H -0.071737349 -0.056666255 0.344192028
H -0.127113074 -0.276923031 -0.892361879
H 0.004285723 -0.033136249 0.063884616
H 0.020477682 -0.038455248 0.032450914
N 0.542848706 0.949803948 0.425082207
H 0.025983900 -0.027748227 0.128775954
C 0.093879312 -0.060635746 0.158475995
C -0.487002373 0.147653759 0.228551030
H 0.105433345 0.066506565 0.068328619
C -0.089943334 -0.678463101 -0.282117009
