19

H 1.186176538 1.679473877 2.004791498
C 0.815614939 1.403880835 1.870444059
H -3.215332508 -1.719336748 3.969652653
C 1.222609043 1.499969959 2.134828091
C 1.183381200 1.636932611 1.762599468
H 0.827244878 1.315176725 1.927412987
C 0.852348089 1.223626375 1.910974979
C 1.293078423 1.730935335 2.043576717
H -15.547042847 -20.200180054 -48.049949646
H 0.863765597 1.310590982 2.024706841
H 0.962343812 1.394400358 1.875917196
H 1.076165199 1.620505571 1.407740116
C 0.816950202 1.214462757 1.947086334
C 1.307270169 1.639300823 2.297350168
C 1.309825420 1.414579391 1.782317400
H 2.213056087 -1.365999937 14.027336121
C 0.822947264 1.224147558 1.934661388
H 1.073087335 1.435931921 1.537441254
H 0.936510563 1.541602612 1.591109037
