19

H 0.489473343 0.533220649 -3.054340363
H -0.991392493 0.337624937 -1.387574911
C 0.953854799 -0.542382836 0.574395657
C 0.627039671 -0.411132187 0.485306978
C 0.332352638 -0.260436982 0.333665371
H -0.286882877 0.320914894 -1.134451866
H -0.057665825 -0.817326665 -0.031032085
H -0.229293585 0.480679899 -0.221431017
H -0.873940945 -0.179932207 -0.503207207
C 0.398804426 -0.446327060 0.344379663
H 0.043454409 -0.217370719 0.126053333
H -4.133850574 -0.911855340 1.474090576
C 1.960099220 -0.481962115 1.135344267
H -0.303226948 -0.403818369 -0.533709526
C 0.597646713 -0.291578680 0.462577105
H 0.852256060 4.870433331 2.210750580
C 0.071160793 -0.172780365 0.260789394
H -0.261698484 -0.893468618 -1.270808220
C 0.811811924 -0.512501121 0.729204416
