19

H 18.441869736 0.606618881 -30.202783585
C -0.536388516 -5.319793701 -0.242589891
H -9.648989677 -6.744659424 15.547572136
C -0.666933179 -5.182516098 -0.045924842
C -0.829329967 -5.298467636 -0.242338717
H -0.222575203 -5.510330200 0.032020926
C -0.481474280 -5.299682617 -0.098116457
C -0.693689704 -5.304021835 -0.114903212
H 1.921632767 96.398231506 10.896704674
H -1.159882307 -5.373969078 -1.558885098
H -0.692651033 -5.581232071 -0.322786748
H -2.026662588 -5.206026077 -0.919379532
C -0.617127001 -5.263419151 -0.091448069
C -0.648925304 -5.297714233 -0.256069958
C -0.885179877 -5.239935875 -0.143644929
H 0.515206099 -11.972280502 7.455083370
C -0.596212149 -5.296095848 -0.097255290
H -0.635167003 -3.724504471 0.694916189
H -0.537520647 -5.390205383 -0.290170968
