19

H 9.677378654 0.095608234 -6.475364685
C 2.604881048 -0.692110538 2.438088417
H -4.643508911 -8.221707344 7.050927162
C 2.645977497 -1.369681358 1.682789207
C 2.786551714 -1.036173701 1.928558230
C 2.617325783 -0.999683857 1.959103465
C 2.950283766 -1.040720701 1.791548252
C 2.764666080 -1.037735820 1.902001977
H -52.171836853 21.371612549 -38.399795532
H 2.907628059 -1.132531881 1.956660151
H 2.966950893 -1.255565643 1.945049047
H 2.978922367 -1.144420385 1.830839396
H 2.785498381 -1.018427610 1.794587374
C 2.867246628 -0.772656798 1.854941726
C 3.065057755 -0.958445311 1.914564967
H 2.595089436 -1.395216942 3.596353531
C 2.816929817 -1.039700747 1.892910600
H 4.181540489 3.022283316 7.160169601
H 3.603414297 -1.374726295 2.176063061
