19

C 0.501841545 0.402246952 -0.752604246
H 0.072554827 0.031140685 -0.058229581
H 0.830427587 0.095611095 0.054329276
C -0.335590780 0.832078934 0.127871320
H -0.130572975 -0.045460820 -0.046564281
H -0.172865808 -0.059839845 -0.129892021
C 0.234326720 0.527530193 0.172296852
H 0.274015963 -0.740428925 -0.127488554
C -0.181145966 0.085083961 0.267655492
H -0.067527592 -0.136666536 0.154405192
H -0.016283989 0.005377412 0.005605459
H -0.193365753 -0.813470840 0.346047819
H -0.048742950 -0.146436810 -0.238969773
H 0.452806115 0.653860092 0.077745833
H -0.088837445 0.048056364 -0.028127015
C -0.405065596 -0.580886126 0.359341532
O -0.375727713 0.077514529 -0.122680068
O -0.192618549 0.028674126 0.254463315
C -0.157627285 -0.263985753 -0.315206587
