19

H 1.714496374 3.012379408 -3.029003620
H -0.636822104 0.367052317 -1.193531036
C -0.985034943 -1.159432650 0.449942112
C -0.945924282 -1.205206156 0.569077253
C -0.461038470 -0.705598593 0.560927153
H 0.486862659 1.184526205 -0.098062396
H 0.041769266 -0.094588518 0.096372604
C -0.068899393 0.037084818 0.335197926
H 1.209101439 -1.134166956 0.138993979
C -0.034002066 -0.176009893 0.228587389
H 0.348614812 0.612785101 0.367743969
H 0.786065340 0.991951704 -0.275512457
C -0.590710163 -1.184698820 0.735098124
H -0.373559833 0.506226063 0.262796164
C -0.222324371 -0.458336115 0.445241928
H -0.250101805 0.406101942 0.048767567
H 0.533205748 -0.096274614 0.261787891
H -0.050014496 -0.169923782 -0.444391847
C -0.501683950 -0.733866453 0.539968252
