29

H 2.809599161 -2.016195774 0.514768124
C -2.227726460 1.132735610 1.384227753
C -0.643231988 -0.211388141 -1.547988057
H 0.538210273 1.690328717 0.997534633
N 0.777967453 -0.451830924 1.172209978
H 0.224937528 -1.046431303 1.797070384
N -2.933290005 1.456462383 2.225912333
H -0.710964799 0.169203997 -2.546792984
C -1.338536978 0.701193810 0.364555180
C 0.666042686 0.272601426 -0.832025826
N 2.413485289 -1.543277740 -0.297102749
H -0.708451509 -1.303248405 -1.575413942
C 1.444229364 -0.780422151 -0.010726444
H 1.320153713 0.883736610 -1.429434299
C 0.145947725 0.761226416 0.547657192
O -1.778371215 0.285305262 -0.764451325
H 0.000000000 0.000000000 0.000000000
H 0.000000000 0.000000000 0.000000000
H 0.000000000 0.000000000 0.000000000
H 0.000000000 0.000000000 0.000000000
H 0.000000000 0.000000000 0.000000000
H 0.000000000 0.000000000 0.000000000
H 0.000000000 0.000000000 0.000000000
H 0.000000000 0.000000000 0.000000000
H 0.000000000 0.000000000 0.000000000
H 0.000000000 0.000000000 0.000000000
H 0.000000000 0.000000000 0.000000000
H 0.000000000 0.000000000 0.000000000
H 0.000000000 0.000000000 0.000000000
