29

H 1.591332793 -1.924795866 0.895519912
C -0.099579439 -1.024834871 0.755440950
H 0.865364909 2.072016239 2.065242290
H -0.195167005 -0.590156555 -2.109279633
H -0.760874569 1.368855596 2.307324886
H -0.508521438 -1.286390901 1.725476265
H -2.191869259 -0.720692337 0.176800683
O -2.247749567 -0.153956637 -2.215399027
H 0.672730625 0.484105051 2.867003918
C 0.370537460 0.467373848 0.715362251
C 1.614342809 0.679541290 -0.134988293
H 2.486711264 0.796338379 0.510019720
O 1.520695448 1.824700117 -0.950438559
O 0.809836447 -1.979143858 0.315314770
C -1.163609862 -0.887616336 -1.666210175
O -0.790017784 0.835096180 -0.079064645
H -2.240543365 -0.265758425 -3.160546780
H 0.619576991 1.906241059 -1.258743644
C 0.300764799 1.130196333 2.062082052
H -1.250410914 -1.975770950 -1.814278483
H 1.782636642 -0.191479862 -0.799107730
C -1.186187506 -0.563867867 -0.207531020
H 0.000000000 0.000000000 0.000000000
H 0.000000000 0.000000000 0.000000000
H 0.000000000 0.000000000 0.000000000
H 0.000000000 0.000000000 0.000000000
H 0.000000000 0.000000000 0.000000000
H 0.000000000 0.000000000 0.000000000
H 0.000000000 0.000000000 0.000000000
