29

H 3.275592327 -0.299760669 1.419620275
C 0.756077409 0.194320232 -0.515048623
C -1.453907490 0.176590949 -0.837327063
N -1.261636257 -0.097797453 0.512282133
C 0.123728253 -0.122161418 0.682906866
O -2.738182783 0.235924751 -1.241249919
H -1.977636337 -0.214337081 1.193663836
C 1.068162918 -0.353497326 1.663868308
C -0.233203381 0.340778887 -1.503528833
C 2.300455809 -0.178074077 1.005753517
O 2.125930071 0.193296939 -0.298029661
H -0.116856672 0.512037635 -2.566644907
H 0.890819848 -0.588879287 2.705027819
H -2.759343624 0.201557919 -2.221293688
H 0.000000000 0.000000000 0.000000000
H 0.000000000 0.000000000 0.000000000
H 0.000000000 0.000000000 0.000000000
H 0.000000000 0.000000000 0.000000000
H 0.000000000 0.000000000 0.000000000
H 0.000000000 0.000000000 0.000000000
H 0.000000000 0.000000000 0.000000000
H 0.000000000 0.000000000 0.000000000
H 0.000000000 0.000000000 0.000000000
H 0.000000000 0.000000000 0.000000000
H 0.000000000 0.000000000 0.000000000
H 0.000000000 0.000000000 0.000000000
H 0.000000000 0.000000000 0.000000000
H 0.000000000 0.000000000 0.000000000
H 0.000000000 0.000000000 0.000000000
