29

H 0.141795740 -0.948362947 2.005735874
N -0.403057724 -1.208027124 1.229135156
O 0.236131310 1.783823133 0.533194840
H 0.405172378 3.274780989 -0.845000267
C -0.704554319 0.859358430 0.188317865
H -2.750514984 0.301031530 0.530014098
H -1.996318102 1.325220823 1.812481999
H 0.362794906 -3.187989950 -0.877606869
O 1.493614793 -0.530211389 -1.713009953
C -0.106285669 -0.513792455 0.028152592
C 0.950142086 2.394568682 -0.488744020
H -2.457653761 2.030763865 0.243287921
H 1.436756849 -2.821955442 0.473215759
H -1.073236585 -1.880374551 1.184543967
H 2.109175682 -2.926056623 -1.173428059
H 1.883723736 2.731740475 -0.065777518
C 1.248979211 -2.609323502 -0.581487060
H 1.141146183 1.746149063 -1.338545918
C 0.986013651 -1.162836075 -0.843811870
C -2.073969364 1.148907542 0.744454622
O -0.829855621 0.192586154 -1.045122981
H 0.000000000 0.000000000 0.000000000
H 0.000000000 0.000000000 0.000000000
H 0.000000000 0.000000000 0.000000000
H 0.000000000 0.000000000 0.000000000
H 0.000000000 0.000000000 0.000000000
H 0.000000000 0.000000000 0.000000000
H 0.000000000 0.000000000 0.000000000
H 0.000000000 0.000000000 0.000000000
