29

O 1.969037175 3.066613436 1.177550554
H -1.868345261 -2.751601696 -0.225503415
H 1.074064374 3.410696983 1.011138797
H 1.473031044 1.990104675 2.860486984
H 2.893563747 1.486238360 1.964261532
H -0.709996939 0.002844714 -2.123770475
C 1.864768028 1.856430769 1.840706587
C -0.184894666 -0.859491229 -1.658552527
H 0.847847939 -0.898396492 -2.006632805
C 1.072009921 0.847528458 1.146806479
C -0.370414376 -0.927941680 -0.152973503
H -2.734587431 -0.340806961 -0.966477156
H -0.225192651 -1.670343399 0.512527227
O -2.894389868 -1.294823170 -1.167749524
C -1.733137727 -1.910748482 -0.851210892
O -0.904037595 -2.082201481 -1.930215836
C 0.430674493 0.075897120 0.569607854
H 0.000000000 0.000000000 0.000000000
H 0.000000000 0.000000000 0.000000000
H 0.000000000 0.000000000 0.000000000
H 0.000000000 0.000000000 0.000000000
H 0.000000000 0.000000000 0.000000000
H 0.000000000 0.000000000 0.000000000
H 0.000000000 0.000000000 0.000000000
H 0.000000000 0.000000000 0.000000000
H 0.000000000 0.000000000 0.000000000
H 0.000000000 0.000000000 0.000000000
H 0.000000000 0.000000000 0.000000000
H 0.000000000 0.000000000 0.000000000
