29

N 2.606447935 0.501658261 -0.253045321
C -0.737104952 0.417399764 -1.283762336
C 0.064957500 0.020928781 -0.141892701
O -0.630063653 -2.290581703 0.802786827
C -0.415187567 -1.061858892 0.645859420
N -0.583997369 0.177280992 1.137532473
N -1.366822839 0.753964484 -2.156944036
H -0.403750271 1.202578902 1.459833264
C 1.465521097 0.278629482 -0.210367560
H 0.000000000 0.000000000 0.000000000
H 0.000000000 0.000000000 0.000000000
H 0.000000000 0.000000000 0.000000000
H 0.000000000 0.000000000 0.000000000
H 0.000000000 0.000000000 0.000000000
H 0.000000000 0.000000000 0.000000000
H 0.000000000 0.000000000 0.000000000
H 0.000000000 0.000000000 0.000000000
H 0.000000000 0.000000000 0.000000000
H 0.000000000 0.000000000 0.000000000
H 0.000000000 0.000000000 0.000000000
H 0.000000000 0.000000000 0.000000000
H 0.000000000 0.000000000 0.000000000
H 0.000000000 0.000000000 0.000000000
H 0.000000000 0.000000000 0.000000000
H 0.000000000 0.000000000 0.000000000
H 0.000000000 0.000000000 0.000000000
H 0.000000000 0.000000000 0.000000000
H 0.000000000 0.000000000 0.000000000
H 0.000000000 0.000000000 0.000000000
