29

C -1.759200931 0.632836223 0.693713844
H 1.975280523 -3.105994701 0.493929297
C -1.468310833 1.764412165 -0.325312674
N 1.841052771 -2.423020601 -0.233102679
N -0.250229776 0.402084708 0.556866646
H 1.651736856 -2.766303301 -1.174065828
C 1.552811623 -1.123418331 0.096353285
H 0.107417442 2.464504480 0.987922847
C 0.153998226 -0.660682380 -0.393229932
O -2.101757050 2.303270102 -1.189483404
C 0.010163769 1.828590274 0.118880033
H 0.199578792 -0.332245469 -1.448219180
H -1.986763239 1.052881837 1.677700162
H -2.419836283 -0.184972674 0.437894911
H -0.565580666 -1.506919026 -0.365545660
O 2.313931704 -0.401513845 0.697799683
H 0.745706797 2.056490421 -0.632101297
H 0.000000000 0.000000000 0.000000000
H 0.000000000 0.000000000 0.000000000
H 0.000000000 0.000000000 0.000000000
H 0.000000000 0.000000000 0.000000000
H 0.000000000 0.000000000 0.000000000
H 0.000000000 0.000000000 0.000000000
H 0.000000000 0.000000000 0.000000000
H 0.000000000 0.000000000 0.000000000
H 0.000000000 0.000000000 0.000000000
H 0.000000000 0.000000000 0.000000000
H 0.000000000 0.000000000 0.000000000
H 0.000000000 0.000000000 0.000000000
