29

H -1.523826599 1.088614583 -0.954541028
O 1.464908123 0.350824773 0.673291862
H 0.874324203 -1.231911540 -1.199453950
H -0.607583821 -2.919030905 0.652667940
C 0.434662879 1.047587514 -0.082523286
H 0.434177577 1.487020493 2.083923817
O 0.134242281 -1.340568781 1.716694355
O 1.791325927 2.457463741 -1.389925599
C -0.065483198 -1.690888762 -1.009246230
C -1.184209704 -0.914627969 -0.320457637
H -0.605474293 -0.991274536 2.210567236
C 1.030639768 1.545712948 1.179985523
H -2.193992615 -1.224104643 -0.489145607
H 1.760524035 2.346540928 1.160611987
H -0.368376136 -2.435409546 -1.722915769
H -1.486716986 0.921955049 0.780646265
C 0.981742084 1.605313420 -1.366194963
C -1.022635579 0.595267475 -0.152089834
C -0.365599036 -1.900063872 0.493536115
H 0.517350793 1.201578736 -2.265431166
H 0.000000000 0.000000000 0.000000000
H 0.000000000 0.000000000 0.000000000
H 0.000000000 0.000000000 0.000000000
H 0.000000000 0.000000000 0.000000000
H 0.000000000 0.000000000 0.000000000
H 0.000000000 0.000000000 0.000000000
H 0.000000000 0.000000000 0.000000000
H 0.000000000 0.000000000 0.000000000
H 0.000000000 0.000000000 0.000000000
