29

H -1.704677939 0.717242837 -1.418525696
C -1.655338049 -0.581669986 0.281735390
H 1.461165786 1.221535921 0.872552752
H -2.002500534 -1.447499275 -0.255805820
H 2.038933039 -1.947163701 0.925706863
C -0.955181718 0.389340937 -0.714594066
N -0.453808218 1.647707582 -0.082476906
C 1.281419396 -1.366380930 0.522937298
H 0.182818085 -0.172042578 -2.525532246
C -0.774659991 -1.073968887 1.424982905
H 1.494500279 1.682854414 -0.801200747
C 1.123047948 -1.097184420 -0.846772015
H 1.802112341 -1.564642191 -1.500501275
O 0.507806063 -0.740043104 1.530789375
H 1.134677172 2.872560501 0.426726490
C 0.144388586 -0.321911752 -1.475407720
C 0.982666016 1.844602108 0.134123713
H -0.969691217 1.806698680 0.756187558
H -2.512024879 -0.067638963 0.662440896
H -1.125652075 -1.802397132 2.082633257
H 0.000000000 0.000000000 0.000000000
H 0.000000000 0.000000000 0.000000000
H 0.000000000 0.000000000 0.000000000
H 0.000000000 0.000000000 0.000000000
H 0.000000000 0.000000000 0.000000000
H 0.000000000 0.000000000 0.000000000
H 0.000000000 0.000000000 0.000000000
H 0.000000000 0.000000000 0.000000000
H 0.000000000 0.000000000 0.000000000
