29

H -0.792892754 -3.309247494 1.485701084
C -1.676711082 -1.714560509 0.288602650
H 2.226744175 -1.839029670 -0.670755208
C 1.030500293 -0.191051200 -0.356429219
C 1.080294132 2.459388494 -0.044516660
H -2.682976961 -2.069057703 0.414962441
H -0.399253547 3.902238607 0.494911194
H -1.090231657 2.582222939 -0.468493223
C -0.553273618 -2.436284542 0.938959658
O 2.087530613 3.020648718 0.266657680
C -0.233016014 3.221019268 -0.334024936
H 0.632839024 -1.962361693 -1.461589813
H -1.491408348 -1.156824231 -0.624411404
O -1.028251886 -1.232732415 1.524540663
H -0.086236537 3.797267199 -1.251655698
C 1.025857806 1.012061477 -0.221307784
C 1.169372559 -1.649967074 -0.533523738
O 0.781113565 -2.433731318 0.552372158
H 0.000000000 0.000000000 0.000000000
H 0.000000000 0.000000000 0.000000000
H 0.000000000 0.000000000 0.000000000
H 0.000000000 0.000000000 0.000000000
H 0.000000000 0.000000000 0.000000000
H 0.000000000 0.000000000 0.000000000
H 0.000000000 0.000000000 0.000000000
H 0.000000000 0.000000000 0.000000000
H 0.000000000 0.000000000 0.000000000
H 0.000000000 0.000000000 0.000000000
H 0.000000000 0.000000000 0.000000000
